DIA;Usos bicis abono anual ;Usos bicis abono ocasional ;Usos bicis total;Usos abono anual acumulado;Usos abono ocasional acumulado;Usos total acumulado desde inicio
23/06/2014;17;79;96;17;79;96
24/06/2014;24;48;72;41;127;168
25/06/2014;105;14;119;146;141;287
26/06/2014;120;15;135;266;156;422
27/06/2014;131;18;149;397;174;571
28/06/2014;101;18;119;498;192;690
29/06/2014;107;33;140;605;225;830
30/06/2014;121;16;137;726;241;967
1/07/2014;124;6;130;850;247;1097
2/07/2014;128;2;130;978;249;1227
3/07/2014;85;7;92;1063;256;1319
4/07/2014;121;4;125;1184;260;1444
5/07/2014;783;3;786;1967;263;2230
6/07/2014;1230;5;1235;3197;268;3465
7/07/2014;1324;3;1327;4521;271;4792
8/07/2014;1774;6;1780;6295;277;6572
9/07/2014;1874;8;1882;8169;285;8454
10/07/2014;2266;7;2273;10435;292;10727
11/07/2014;2212;2;2214;12647;294;12941
12/07/2014;1949;4;1953;14596;298;14894
13/07/2014;1790;2;1792;16386;300;16686
14/07/2014;2311;3;2314;18697;303;19000
15/07/2014;2537;2;2539;21234;305;21539
16/07/2014;2673;7;2680;23907;312;24219
17/07/2014;2651;8;2659;26558;320;26878
18/07/2014;2547;5;2552;29105;325;29430
19/07/2014;2359;2;2361;31464;327;31791
20/07/2014;2371;2;2373;33835;329;34164
21/07/2014;2676;3;2679;36511;332;36843
22/07/2014;2935;4;2939;39446;336;39782
23/07/2014;2927;5;2932;42373;341;42714
24/07/2014;3204;9;3213;45577;350;45927
25/07/2014;3084;2;3086;48661;352;49013
26/07/2014;2467;0;2467;51128;352;51480
27/07/2014;2321;0;2321;53449;352;53801
28/07/2014;2894;4;2898;56343;356;56699
29/07/2014;3168;3;3171;59511;359;59870
30/07/2014;3236;5;3241;62747;364;63111
31/07/2014;3365;5;3370;66112;369;66481
1/08/2014;3048;6;3054;69160;375;69535
2/08/2014;2532;1;2533;71692;376;72068
3/08/2014;2624;0;2624;74316;376;74692
4/08/2014;2813;4;2817;77129;380;77509
5/08/2014;2830;6;2836;79959;386;80345
6/08/2014;3054;6;3060;83013;392;83405
7/08/2014;2967;5;2972;85980;397;86377
8/08/2014;2907;9;2916;88887;406;89293
9/08/2014;2582;0;2582;91469;406;91875
10/08/2014;2687;1;2688;94156;407;94563
11/08/2014;2900;2;2902;97056;409;97465
12/08/2014;3008;3;3011;100064;412;100476
13/08/2014;3102;9;3111;103166;421;103587
14/08/2014;2791;3;2794;105957;424;106381
15/08/2014;2392;0;2392;108349;424;108773
16/08/2014;2254;0;2254;110603;424;111027
17/08/2014;2444;3;2447;113047;427;113474
18/08/2014;2945;5;2950;115992;432;116424
19/08/2014;3155;5;3160;119147;437;119584
20/08/2014;3358;0;3358;122505;437;122942
21/08/2014;3678;4;3682;126183;441;126624
22/08/2014;3419;0;3419;129602;441;130043
23/08/2014;3158;0;3158;132760;441;133201
24/08/2014;3421;1;3422;136181;442;136623
25/08/2014;3556;3;3559;139737;445;140182
26/08/2014;3991;1;3992;143728;446;144174
27/08/2014;4007;2;4009;147735;448;148183
28/08/2014;4125;6;4131;151860;454;152314
29/08/2014;4255;5;4260;156115;459;156574
30/08/2014;4002;1;4003;160117;460;160577
31/08/2014;4323;0;4323;164440;460;164900
1/09/2014;4292;7;4299;168732;467;169199
2/09/2014;4608;8;4616;173340;475;173815
3/09/2014;5163;8;5171;178503;483;178986
4/09/2014;5334;5;5339;183837;488;184325
5/09/2014;4957;1;4958;188794;489;189283
6/09/2014;4791;1;4792;193585;490;194075
7/09/2014;4724;1;4725;198309;491;198800
8/09/2014;4917;3;4920;203226;494;203720
9/09/2014;5209;6;5215;208435;500;208935
10/09/2014;5297;0;5297;213732;500;214232
11/09/2014;5246;7;5253;218978;507;219485
12/09/2014;5339;1;5340;224317;508;224825
13/09/2014;4827;0;4827;229144;508;229652
14/09/2014;4978;1;4979;234122;509;234631
15/09/2014;5022;7;5029;239144;516;239660
16/09/2014;5021;2;5023;244165;518;244683
17/09/2014;4739;1;4740;248904;519;249423
18/09/2014;4319;1;4320;253223;520;253743
19/09/2014;4858;1;4859;258081;521;258602
20/09/2014;5028;2;5030;263109;523;263632
21/09/2014;4955;0;4955;268064;523;268587
22/09/2014;4750;5;4755;272814;528;273342
23/09/2014;5403;2;5405;278217;530;278747
24/09/2014;4867;1;4868;283084;531;283615
25/09/2014;5904;2;5906;288988;533;289521
26/09/2014;5595;3;5598;294583;536;295119
27/09/2014;5083;0;5083;299666;536;300202
28/09/2014;4008;1;4009;303674;537;304211
29/09/2014;4976;6;4982;308650;543;309193
30/09/2014;5616;4;5620;314266;547;314813
1/10/2014;5894;5;5899;320160;552;320712
2/10/2014;6050;0;6050;326210;552;326762
3/10/2014;6325;8;6333;332535;560;333095
4/10/2014;6017;0;6017;338552;560;339112
5/10/2014;5720;0;5720;344272;560;344832
6/10/2014;5427;4;5431;349699;564;350263
7/10/2014;5751;2;5753;355450;566;356016
8/10/2014;6037;10;6047;361487;576;362063
9/10/2014;3697;3;3700;365184;579;365763
10/10/2014;4669;6;4675;369853;585;370438
11/10/2014;4292;0;4292;374145;585;374730
12/10/2014;4625;3;4628;378770;588;379358
13/10/2014;4443;3;4446;383213;591;383804
14/10/2014;4009;0;4009;387222;591;387813
15/10/2014;5513;3;5516;392735;594;393329
16/10/2014;5946;2;5948;398681;596;399277
17/10/2014;6839;1;6840;405520;597;406117
18/10/2014;6265;1;6266;411785;598;412383
19/10/2014;5941;1;5942;417726;599;418325
20/10/2014;5732;4;5736;423458;603;424061
21/10/2014;6145;0;6145;429603;603;430206
22/10/2014;6309;0;6309;435912;603;436515
23/10/2014;6321;1;6322;442233;604;442837
24/10/2014;6575;4;6579;448808;608;449416
25/10/2014;6209;1;6210;455017;609;455626
26/10/2014;6004;1;6005;461021;610;461631
27/10/2014;5635;2;5637;466656;612;467268
28/10/2014;5873;4;5877;472529;616;473145
29/10/2014;5967;0;5967;478496;616;479112
30/10/2014;6099;0;6099;484595;616;485211
31/10/2014;6021;2;6023;490616;618;491234
1/11/2014;5219;0;5219;495835;618;496453
2/11/2014;4170;0;4170;500005;618;500623
3/11/2014;3509;3;3512;503514;621;504135
4/11/2014;4361;2;4363;507875;623;508498
5/11/2014;4998;2;5000;512873;625;513498
6/11/2014;5057;1;5058;517930;626;518556
7/11/2014;4471;2;4473;522401;628;523029
8/11/2014;3629;1;3630;526030;629;526659
9/11/2014;3453;1;3454;529483;630;530113
10/11/2014;3156;0;3156;532639;630;533269
11/11/2014;2578;4;2582;535217;634;535851
12/11/2014;4628;8;4636;539845;642;540487
13/11/2014;4003;3;4006;543848;645;544493
14/11/2014;3485;0;3485;547333;645;547978
15/11/2014;3737;0;3737;551070;645;551715
16/11/2014;3786;0;3786;554856;645;555501
17/11/2014;3971;5;3976;558827;650;559477
18/11/2014;4086;1;4087;562913;651;563564
19/11/2014;4578;2;4580;567491;653;568144
20/11/2014;4878;2;4880;572369;655;573024
21/11/2014;5042;2;5044;577411;657;578068
22/11/2014;4560;4;4564;581971;661;582632
23/11/2014;3629;2;3631;585600;663;586263
24/11/2014;4131;4;4135;589731;667;590398
25/11/2014;3753;0;3753;593484;667;594151
26/11/2014;4462;5;4467;597946;672;598618
27/11/2014;3260;0;3260;601206;672;601878
28/11/2014;2133;0;2133;603339;672;604011
29/11/2014;3137;30;3167;606476;702;607178
30/11/2014;3703;57;3760;610179;759;610938
1/12/2014;4225;11;4236;614404;770;615174
2/12/2014;4573;7;4580;618977;777;619754
3/12/2014;4350;4;4354;623327;781;624108
4/12/2014;4546;9;4555;627873;790;628663
5/12/2014;4533;21;4554;632406;811;633217
6/12/2014;3114;45;3159;635520;856;636376
7/12/2014;2986;85;3071;638506;941;639447
8/12/2014;3045;59;3104;641551;1000;642551
9/12/2014;3673;25;3698;645224;1025;646249
10/12/2014;4189;14;4203;649413;1039;650452
11/12/2014;4490;32;4522;653903;1071;654974
12/12/2014;4761;35;4796;658664;1106;659770
13/12/2014;2676;23;2699;661340;1129;662469
14/12/2014;1740;2;1742;663080;1131;664211
15/12/2014;3960;19;3979;667040;1150;668190
16/12/2014;4378;31;4409;671418;1181;672599
17/12/2014;4547;27;4574;675965;1208;677173
18/12/2014;4828;25;4853;680793;1233;682026
19/12/2014;5126;47;5173;685919;1280;687199
20/12/2014;4454;99;4553;690373;1379;691752
21/12/2014;4027;174;4201;694400;1553;695953
22/12/2014;3962;76;4038;698362;1629;699991
23/12/2014;3960;65;4025;702322;1694;704016
24/12/2014;2765;62;2827;705087;1756;706843
25/12/2014;2073;145;2218;707160;1901;709061
26/12/2014;3171;138;3309;710331;2039;712370
27/12/2014;3079;157;3236;713410;2196;715606
28/12/2014;2471;107;2578;715881;2303;718184
29/12/2014;3060;87;3147;718941;2390;721331
30/12/2014;3262;94;3356;722203;2484;724687
31/12/2014;2609;133;2742;724812;2617;727429
1/01/2015;2018;149;2167;726830;2766;729596
2/01/2015;2880;153;3033;729710;2919;732629
3/01/2015;3187;170;3357;732897;3089;735986
4/01/2015;3296;154;3450;736193;3243;739436
5/01/2015;4039;117;4156;740232;3360;743592
6/01/2015;2651;115;2766;742883;3475;746358
7/01/2015;3821;58;3879;746704;3533;750237
8/01/2015;4333;60;4393;751037;3593;754630
9/01/2015;4832;86;4918;755869;3679;759548
10/01/2015;4494;94;4588;760363;3773;764136
11/01/2015;4209;141;4350;764572;3914;768486
12/01/2015;4241;44;4285;768813;3958;772771
13/01/2015;4365;34;4399;773178;3992;777170
14/01/2015;4319;23;4342;777497;4015;781512
15/01/2015;3637;26;3663;781134;4041;785175
16/01/2015;4236;18;4254;785370;4059;789429
17/01/2015;3930;111;4041;789300;4170;793470
18/01/2015;2323;49;2372;791623;4219;795842
19/01/2015;3309;22;3331;794932;4241;799173
20/01/2015;3698;12;3710;798630;4253;802883
21/01/2015;3473;27;3500;802103;4280;806383
22/01/2015;4202;20;4222;806305;4300;810605
23/01/2015;4601;26;4627;810906;4326;815232
24/01/2015;4473;107;4580;815379;4433;819812
25/01/2015;4085;150;4235;819464;4583;824047
26/01/2015;4172;59;4231;823636;4642;828278
27/01/2015;4451;28;4479;828087;4670;832757
28/01/2015;4911;38;4949;832998;4708;837706
29/01/2015;4745;21;4766;837743;4729;842472
30/01/2015;3938;33;3971;841681;4762;846443
31/01/2015;3831;60;3891;845512;4822;850334
1/02/2015;3487;125;3612;848999;4947;853946
2/02/2015;2786;14;2800;851785;4961;856746
3/02/2015;3182;51;3233;854967;5012;859979
4/02/2015;3805;25;3830;858772;5037;863809
5/02/2015;3943;16;3959;862715;5053;867768
6/02/2015;4249;27;4276;866964;5080;872044
7/02/2015;3452;45;3497;870416;5125;875541
8/02/2015;3660;98;3758;874076;5223;879299
9/02/2015;4023;30;4053;878099;5253;883352
10/02/2015;4402;11;4413;882501;5264;887765
11/02/2015;4411;25;4436;886912;5289;892201
12/02/2015;4942;39;4981;891854;5328;897182
13/02/2015;5015;67;5082;896869;5395;902264
14/02/2015;4139;153;4292;901008;5548;906556
15/02/2015;3800;189;3989;904808;5737;910545
16/02/2015;4502;98;4600;909310;5835;915145
17/02/2015;4564;67;4631;913874;5902;919776
18/02/2015;4770;42;4812;918644;5944;924588
19/02/2015;5034;44;5078;923678;5988;929666
20/02/2015;4988;64;5052;928666;6052;934718
21/02/2015;4259;176;4435;932925;6228;939153
22/02/2015;4537;233;4770;937462;6461;943923
23/02/2015;4514;77;4591;941976;6538;948514
24/02/2015;4608;31;4639;946584;6569;953153
25/02/2015;5067;47;5114;951651;6616;958267
26/02/2015;5442;65;5507;957093;6681;963774
27/02/2015;5906;115;6021;962999;6796;969795
28/02/2015;5491;273;5764;968490;7069;975559
1/03/2015;5548;305;5853;974038;7374;981412
2/03/2015;5017;92;5109;979055;7466;986521
3/03/2015;5289;70;5359;984344;7536;991880
4/03/2015;5353;51;5404;989697;7587;997284
5/03/2015;5511;27;5538;995208;7614;1002822
6/03/2015;6177;71;6248;1001385;7685;1009070
7/03/2015;6461;326;6787;1007846;8011;1015857
8/03/2015;6235;482;6717;1014081;8493;1022574
9/03/2015;5635;85;5720;1019716;8578;1028294
10/03/2015;6264;111;6375;1025980;8689;1034669
11/03/2015;6516;111;6627;1032496;8800;1041296
12/03/2015;6570;123;6693;1039066;8923;1047989
13/03/2015;6749;139;6888;1045815;9062;1054877
14/03/2015;5793;267;6060;1051608;9329;1060937
15/03/2015;4521;173;4694;1056129;9502;1065631
16/03/2015;5037;46;5083;1061166;9548;1070714
17/03/2015;5413;65;5478;1066579;9613;1076192
18/03/2015;3305;20;3325;1069884;9633;1079517
19/03/2015;3953;59;4012;1073837;9692;1083529
20/03/2015;3911;58;3969;1077748;9750;1087498
21/03/2015;3128;84;3212;1080876;9834;1090710
22/03/2015;3619;118;3737;1084495;9952;1094447
23/03/2015;1853;16;1869;1086348;9968;1096316
24/03/2015;5191;33;5224;1091539;10001;1101540
25/03/2015;5312;51;5363;1096851;10052;1106903
26/03/2015;6068;96;6164;1102919;10148;1113067
27/03/2015;7219;208;7427;1110138;10356;1120494
28/03/2015;6947;563;7510;1117085;10919;1128004
29/03/2015;6352;472;6824;1123437;11391;1134828
30/03/2015;6078;234;6312;1129515;11625;1141140
31/03/2015;6252;199;6451;1135767;11824;1147591
1/04/2015;5620;222;5842;1141387;12046;1153433
2/04/2015;4263;445;4708;1145650;12491;1158141
3/04/2015;4098;620;4718;1149748;13111;1162859
4/04/2015;4535;624;5159;1154283;13735;1168018
5/04/2015;5365;696;6061;1159648;14431;1174079
6/04/2015;6218;316;6534;1165866;14747;1180613
7/04/2015;6651;144;6795;1172517;14891;1187408
8/04/2015;6225;130;6355;1178742;15021;1193763
9/04/2015;4384;39;4423;1183126;15060;1198186
10/04/2015;7065;105;7170;1190191;15165;1205356
11/04/2015;7365;313;7678;1197556;15478;1213034
12/04/2015;7046;395;7441;1204602;15873;1220475
13/04/2015;6609;131;6740;1211211;16004;1227215
14/04/2015;7441;124;7565;1218652;16128;1234780
15/04/2015;6341;60;6401;1224993;16188;1241181
16/04/2015;6885;59;6944;1231878;16247;1248125
17/04/2015;8056;129;8185;1239934;16376;1256310
18/04/2015;7429;333;7762;1247363;16709;1264072
19/04/2015;6794;542;7336;1254157;17251;1271408
20/04/2015;6822;177;6999;1260979;17428;1278407
21/04/2015;7298;132;7430;1268277;17560;1285837
22/04/2015;7899;138;8037;1276176;17698;1293874
23/04/2015;8572;159;8731;1284748;17857;1302605
24/04/2015;8637;244;8881;1293385;18101;1311486
25/04/2015;7266;448;7714;1300651;18549;1319200
26/04/2015;3364;104;3468;1304015;18653;1322668
27/04/2015;6192;78;6270;1310207;18731;1328938
28/04/2015;7553;103;7656;1317760;18834;1336594
29/04/2015;8312;130;8442;1326072;18964;1345036
30/04/2015;8368;178;8546;1334440;19142;1353582
1/05/2015;6917;587;7504;1341357;19729;1361086
2/05/2015;6746;732;7478;1348103;20461;1368564
3/05/2015;6137;529;6666;1354240;20990;1375230
4/05/2015;7055;187;7242;1361295;21177;1382472
5/05/2015;7811;112;7923;1369106;21289;1390395
6/05/2015;8405;149;8554;1377511;21438;1398949
7/05/2015;8910;130;9040;1386421;21568;1407989
8/05/2015;9495;230;9725;1395916;21798;1417714
9/05/2015;9138;558;9696;1405054;22356;1427410
10/05/2015;8998;652;9650;1414052;23008;1437060
11/05/2015;8151;169;8320;1422203;23177;1445380
12/05/2015;8899;144;9043;1431102;23321;1454423
13/05/2015;9145;138;9283;1440247;23459;1463706
14/05/2015;9372;213;9585;1449619;23672;1473291
15/05/2015;7711;483;8194;1457330;24155;1481485
16/05/2015;7979;633;8612;1465309;24788;1490097
17/05/2015;7696;644;8340;1473005;25432;1498437
18/05/2015;8541;240;8781;1481546;25672;1507218
19/05/2015;8514;153;8667;1490060;25825;1515885
20/05/2015;8772;128;8900;1498832;25953;1524785
21/05/2015;8820;215;9035;1507652;26168;1533820
22/05/2015;8934;179;9113;1516586;26347;1542933
23/05/2015;8489;468;8957;1525075;26815;1551890
24/05/2015;8739;530;9269;1533814;27345;1561159
25/05/2015;8409;295;8704;1542223;27640;1569863
26/05/2015;9193;180;9373;1551416;27820;1579236
27/05/2015;9484;200;9684;1560900;28020;1588920
28/05/2015;9765;191;9956;1570665;28211;1598876
29/05/2015;9860;201;10061;1580525;28412;1608937
30/05/2015;8923;445;9368;1589448;28857;1618305
31/05/2015;9047;424;9471;1598495;29281;1627776
1/06/2015;8862;213;9075;1607357;29494;1636851
2/06/2015;9786;170;9956;1617143;29664;1646807
3/06/2015;10329;154;10483;1627472;29818;1657290
4/06/2015;9410;360;9770;1636882;30178;1667060
5/06/2015;9287;201;9488;1646169;30379;1676548
6/06/2015;8501;446;8947;1654670;30825;1685495
7/06/2015;8580;484;9064;1663250;31309;1694559
8/06/2015;9342;258;9600;1672592;31567;1704159
9/06/2015;9573;157;9730;1682165;31724;1713889
10/06/2015;8880;82;8962;1691045;31806;1722851
11/06/2015;8759;149;8908;1699804;31955;1731759
12/06/2015;10641;175;10816;1710445;32130;1742575
13/06/2015;9953;355;10308;1720398;32485;1752883
14/06/2015;8514;388;8902;1728912;32873;1761785
15/06/2015;7744;111;7855;1736656;32984;1769640
16/06/2015;10044;179;10223;1746700;33163;1779863
17/06/2015;10602;120;10722;1757302;33283;1790585
18/06/2015;11349;163;11512;1768651;33446;1802097
19/06/2015;11743;239;11982;1780394;33685;1814079
20/06/2015;10192;499;10691;1790586;34184;1824770
21/06/2015;9353;403;9756;1799939;34587;1834526
22/06/2015;9903;183;10086;1809842;34770;1844612
23/06/2015;9334;148;9482;1819176;34918;1854094
24/06/2015;11459;179;11638;1830635;35097;1865732
25/06/2015;12147;182;12329;1842782;35279;1878061
26/06/2015;11479;197;11676;1854261;35476;1889737
27/06/2015;9229;302;9531;1863490;35778;1899268
28/06/2015;8935;369;9304;1872425;36147;1908572
29/06/2015;9720;141;9861;1882145;36288;1918433
30/06/2015;10530;180;10710;1892675;36468;1929143
1/07/2015;11245;177;11422;1903920;36645;1940565
2/07/2015;11512;174;11686;1915432;36819;1952251
3/07/2015;11083;192;11275;1926515;37011;1963526
4/07/2015;9401;328;9729;1935916;37339;1973255
5/07/2015;7738;304;8042;1943654;37643;1981297
6/07/2015;8826;176;9002;1952480;37819;1990299
7/07/2015;9812;168;9980;1962292;37987;2000279
8/07/2015;10855;187;11042;1973147;38174;2011321
9/07/2015;12130;249;12379;1985277;38423;2023700
10/07/2015;11325;205;11530;1996602;38628;2035230
11/07/2015;9101;332;9433;2005703;38960;2044663
12/07/2015;8299;363;8662;2014002;39323;2053325
13/07/2015;10507;259;10766;2024509;39582;2064091
14/07/2015;10979;169;11148;2035488;39751;2075239
15/07/2015;11589;134;11723;2047077;39885;2086962
16/07/2015;11593;157;11750;2058670;40042;2098712
17/07/2015;10981;212;11193;2069651;40254;2109905
18/07/2015;9142;355;9497;2078793;40609;2119402
19/07/2015;8316;427;8743;2087109;41036;2128145
20/07/2015;10049;268;10317;2097158;41304;2138462
21/07/2015;10447;192;10639;2107605;41496;2149101
22/07/2015;10544;151;10695;2118149;41647;2159796
23/07/2015;11251;179;11430;2129400;41826;2171226
24/07/2015;10465;218;10683;2139865;42044;2181909
25/07/2015;8618;393;9011;2148483;42437;2190920
26/07/2015;7977;316;8293;2156460;42753;2199213
27/07/2015;9443;159;9602;2165903;42912;2208815
28/07/2015;10363;189;10552;2176266;43101;2219367
29/07/2015;10827;159;10986;2187093;43260;2230353
30/07/2015;10578;155;10733;2197671;43415;2241086
31/07/2015;9814;189;10003;2207485;43604;2251089
1/08/2015;8081;282;8363;2215566;43886;2259452
2/08/2015;7509;359;7868;2223075;44245;2267320
3/08/2015;8437;177;8614;2231512;44422;2275934
4/08/2015;8906;203;9109;2240418;44625;2285043
5/08/2015;9327;179;9506;2249745;44804;2294549
6/08/2015;9575;271;9846;2259320;45075;2304395
7/08/2015;8671;175;8846;2267991;45250;2313241
8/08/2015;7554;374;7928;2275545;45624;2321169
9/08/2015;6969;374;7343;2282514;45998;2328512
10/08/2015;7986;189;8175;2290500;46187;2336687
11/08/2015;8750;191;8941;2299250;46378;2345628
12/08/2015;9132;251;9383;2308382;46629;2355011
13/08/2015;8974;236;9210;2317356;46865;2364221
14/08/2015;8165;231;8396;2325521;47096;2372617
15/08/2015;7000;297;7297;2332521;47393;2379914
16/08/2015;6770;336;7106;2339291;47729;2387020
17/08/2015;8362;200;8562;2347653;47929;2395582
18/08/2015;8796;269;9065;2356449;48198;2404647
19/08/2015;8910;227;9137;2365359;48425;2413784
20/08/2015;9408;294;9702;2374767;48719;2423486
21/08/2015;8737;306;9043;2383504;49025;2432529
22/08/2015;7668;475;8143;2391172;49500;2440672
23/08/2015;7911;469;8380;2399083;49969;2449052
24/08/2015;8635;223;8858;2407718;50192;2457910
25/08/2015;9397;212;9609;2417115;50404;2467519
26/08/2015;10135;197;10332;2427250;50601;2477851
27/08/2015;10421;189;10610;2437671;50790;2488461
28/08/2015;10309;245;10554;2447980;51035;2499015
29/08/2015;9433;400;9833;2457413;51435;2508848
30/08/2015;8022;312;8334;2465435;51747;2517182
31/08/2015;9601;142;9743;2475036;51889;2526925
1/09/2015;11238;162;11400;2486274;52051;2538325
2/09/2015;11942;158;12100;2498216;52209;2550425
3/09/2015;12919;171;13090;2511135;52380;2563515
4/09/2015;12253;177;12430;2523388;52557;2575945
5/09/2015;10598;454;11052;2533986;53011;2586997
6/09/2015;10629;561;11190;2544615;53572;2598187
7/09/2015;10586;226;10812;2555201;53798;2608999
8/09/2015;12325;194;12519;2567526;53992;2621518
9/09/2015;12863;184;13047;2580389;54176;2634565
10/09/2015;13747;164;13911;2594136;54340;2648476
11/09/2015;13558;254;13812;2607694;54594;2662288
12/09/2015;11419;513;11932;2619113;55107;2674220
13/09/2015;10394;549;10943;2629507;55656;2685163
14/09/2015;11076;206;11282;2640583;55862;2696445
15/09/2015;10079;106;10185;2650662;55968;2706630
16/09/2015;7669;64;7733;2658331;56032;2714363
17/09/2015;11883;127;12010;2670214;56159;2726373
18/09/2015;13478;199;13677;2683692;56358;2740050
19/09/2015;12287;328;12615;2695979;56686;2752665
20/09/2015;11685;745;12430;2707664;57431;2765095
21/09/2015;12068;230;12298;2719732;57661;2777393
22/09/2015;13662;130;13792;2733394;57791;2791185
23/09/2015;13555;198;13753;2746949;57989;2804938
24/09/2015;14077;183;14260;2761026;58172;2819198
25/09/2015;14976;332;15308;2776002;58504;2834506
26/09/2015;13485;594;14079;2789487;59098;2848585
27/09/2015;12377;723;13100;2801864;59821;2861685
28/09/2015;11880;239;12119;2813744;60060;2873804
29/09/2015;12505;130;12635;2826249;60190;2886439
30/09/2015;13490;137;13627;2839739;60327;2900066
1/10/2015;13882;198;14080;2853621;60525;2914146
2/10/2015;15009;250;15259;2868630;60775;2929405
3/10/2015;13645;538;14183;2882275;61313;2943588
4/10/2015;11192;595;11787;2893467;61908;2955375
5/10/2015;9810;165;9975;2903277;62073;2965350
6/10/2015;12174;144;12318;2915451;62217;2977668
7/10/2015;12292;143;12435;2927743;62360;2990103
8/10/2015;13045;150;13195;2940788;62510;3003298
9/10/2015;13525;241;13766;2954313;62751;3017064
10/10/2015;11026;576;11602;2965339;63327;3028666
11/10/2015;9000;469;9469;2974339;63796;3038135
12/10/2015;10093;533;10626;2984432;64329;3048761
13/10/2015;8567;104;8671;2992999;64433;3057432
14/10/2015;11475;163;11638;3004474;64596;3069070
15/10/2015;12349;142;12491;3016823;64738;3081561
16/10/2015;13346;185;13531;3030169;64923;3095092
17/10/2015;9709;321;10030;3039878;65244;3105122
18/10/2015;6005;232;6237;3045883;65476;3111359
19/10/2015;8612;175;8787;3054495;65651;3120146
20/10/2015;11120;190;11310;3065615;65841;3131456
21/10/2015;11229;165;11394;3076844;66006;3142850
22/10/2015;11845;171;12016;3088689;66177;3154866
23/10/2015;12461;226;12687;3101150;66403;3167553
24/10/2015;12004;484;12488;3113154;66887;3180041
25/10/2015;11347;495;11842;3124501;67382;3191883
26/10/2015;8135;102;8237;3132636;67484;3200120
27/10/2015;8764;87;8851;3141400;67571;3208971
28/10/2015;9598;77;9675;3150998;67648;3218646
29/10/2015;11033;128;11161;3162031;67776;3229807
30/10/2015;12678;219;12897;3174709;67995;3242704
31/10/2015;11295;395;11690;3186004;68390;3254394
1/11/2015;9313;471;9784;3195317;68861;3264178
2/11/2015;4764;69;4833;3200081;68930;3269011
3/11/2015;8017;98;8115;3208098;69028;3277126
4/11/2015;8993;72;9065;3217091;69100;3286191
5/11/2015;10403;80;10483;3227494;69180;3296674
6/11/2015;11091;161;11252;3238585;69341;3307926
7/11/2015;10243;577;10820;3248828;69918;3318746
8/11/2015;9357;433;9790;3258185;70351;3328536
9/11/2015;8494;492;8986;3266679;70843;3337522
10/11/2015;10056;172;10228;3276735;71015;3347750
11/11/2015;10706;137;10843;3287441;71152;3358593
12/11/2015;11054;137;11191;3298495;71289;3369784
13/11/2015;12787;260;13047;3311282;71549;3382831
14/11/2015;11376;393;11769;3322658;71942;3394600
15/11/2015;10213;459;10672;3332871;72401;3405272
16/11/2015;9545;110;9655;3342416;72511;3414927
17/11/2015;10372;64;10436;3352788;72575;3425363
18/11/2015;10986;73;11059;3363774;72648;3436422
19/11/2015;11280;71;11351;3375054;72719;3447773
20/11/2015;12149;168;12317;3387203;72887;3460090
21/11/2015;9836;311;10147;3397039;73198;3470237
22/11/2015;7103;206;7309;3404142;73404;3477546
23/11/2015;7836;62;7898;3411978;73466;3485444
24/11/2015;8593;69;8662;3420571;73535;3494106
25/11/2015;9730;63;9793;3430301;73598;3503899
26/11/2015;10408;97;10505;3440709;73695;3514404
27/11/2015;11242;131;11373;3451951;73826;3525777
28/11/2015;10296;379;10675;3462247;74205;3536452
29/11/2015;8557;304;8861;3470804;74509;3545313
30/11/2015;8398;70;8468;3479202;74579;3553781
1/12/2015;9038;58;9096;3488240;74637;3562877
2/12/2015;9340;64;9404;3497580;74701;3572281
3/12/2015;10303;44;10347;3507883;74745;3582628
4/12/2015;10806;105;10911;3518689;74850;3593539
5/12/2015;9330;429;9759;3528019;75279;3603298
6/12/2015;8348;503;8851;3536367;75782;3612149
7/12/2015;7860;250;8110;3544227;76032;3620259
8/12/2015;7519;345;7864;3551746;76377;3628123
9/12/2015;9109;82;9191;3560855;76459;3637314
10/12/2015;9840;50;9890;3570695;76509;3647204
11/12/2015;11144;127;11271;3581839;76636;3658475
12/12/2015;9687;218;9905;3591526;76854;3668380
13/12/2015;8502;200;8702;3600028;77054;3677082
14/12/2015;7826;77;7903;3607854;77131;3684985
15/12/2015;9476;82;9558;3617330;77213;3694543
16/12/2015;9902;67;9969;3627232;77280;3704512
17/12/2015;10377;142;10519;3637609;77422;3715031
18/12/2015;10936;109;11045;3648545;77531;3726076
19/12/2015;10060;280;10340;3658605;77811;3736416
20/12/2015;8358;177;8535;3666963;77988;3744951
21/12/2015;8670;152;8822;3675633;78140;3753773
22/12/2015;9345;187;9532;3684978;78327;3763305
23/12/2015;8595;190;8785;3693573;78517;3772090
24/12/2015;4942;128;5070;3698515;78645;3777160
25/12/2015;3229;317;3546;3701744;78962;3780706
26/12/2015;4831;305;5136;3706575;79267;3785842
27/12/2015;5268;319;5587;3711843;79586;3791429
28/12/2015;4701;168;4869;3716544;79754;3796298
29/12/2015;6205;193;6398;3722749;79947;3802696
30/12/2015;6758;219;6977;3729507;80166;3809673
31/12/2015;4696;255;4951;3734203;80421;3814624
1/01/2016;3369;289;3658;3737572;80710;3818282
2/01/2016;4738;298;5036;3742310;81008;3823318
3/01/2016;3919;153;4072;3746229;81161;3827390
4/01/2016;4219;95;4314;3750448;81256;3831704
5/01/2016;6712;144;6856;3757160;81400;3838560
6/01/2016;3574;79;3653;3760734;81479;3842213
7/01/2016;6643;84;6727;3767377;81563;3848940
8/01/2016;6621;89;6710;3773998;81652;3855650
9/01/2016;6132;126;6258;3780130;81778;3861908
10/01/2016;3233;40;3273;3783363;81818;3865181
11/01/2016;5910;40;5950;3789273;81858;3871131
12/01/2016;7710;52;7762;3796983;81910;3878893
13/01/2016;8069;58;8127;3805052;81968;3887020
14/01/2016;5378;23;5401;3810430;81991;3892421
15/01/2016;8043;41;8084;3818473;82032;3900505
16/01/2016;7218;224;7442;3825691;82256;3907947
17/01/2016;5755;161;5916;3831446;82417;3913863
18/01/2016;7002;51;7053;3838448;82468;3920916
19/01/2016;7669;44;7713;3846117;82512;3928629
20/01/2016;7881;47;7928;3853998;82559;3936557
21/01/2016;7960;42;8002;3861958;82601;3944559
22/01/2016;7674;54;7728;3869632;82655;3952287
23/01/2016;8214;327;8541;3877846;82982;3960828
24/01/2016;8189;401;8590;3886035;83383;3969418
25/01/2016;8115;100;8215;3894150;83483;3977633
26/01/2016;8852;103;8955;3903002;83586;3986588
27/01/2016;8284;65;8349;3911286;83651;3994937
28/01/2016;6189;31;6220;3917475;83682;4001157
29/01/2016;7609;52;7661;3925084;83734;4008818
30/01/2016;7832;233;8065;3932916;83967;4016883
31/01/2016;7424;402;7826;3940340;84369;4024709
1/02/2016;8451;139;8590;3948791;84508;4033299
2/02/2016;8741;115;8856;3957532;84623;4042155
3/02/2016;9214;68;9282;3966746;84691;4051437
4/02/2016;8992;53;9045;3975738;84744;4060482
5/02/2016;9145;95;9240;3984883;84839;4069722
6/02/2016;6781;202;6983;3991664;85041;4076705
7/02/2016;5337;209;5546;3997001;85250;4082251
8/02/2016;7387;73;7460;4004388;85323;4089711
9/02/2016;7429;63;7492;4011817;85386;4097203
10/02/2016;8634;38;8672;4020451;85424;4105875
11/02/2016;7491;24;7515;4027942;85448;4113390
12/02/2016;5129;30;5159;4033071;85478;4118549
13/02/2016;5180;133;5313;4038251;85611;4123862
14/02/2016;4131;88;4219;4042382;85699;4128081
15/02/2016;6740;49;6789;4049122;85748;4134870
16/02/2016;7308;46;7354;4056430;85794;4142224
17/02/2016;7468;39;7507;4063898;85833;4149731
18/02/2016;6715;24;6739;4070613;85857;4156470
19/02/2016;8267;120;8387;4078880;85977;4164857
20/02/2016;7314;325;7639;4086194;86302;4172496
21/02/2016;6678;298;6976;4092872;86600;4179472
22/02/2016;7883;98;7981;4100755;86698;4187453
23/02/2016;8821;108;8929;4109576;86806;4196382
24/02/2016;6959;34;6993;4116535;86840;4203375
25/02/2016;8496;89;8585;4125031;86929;4211960
26/02/2016;4576;22;4598;4129607;86951;4216558
27/02/2016;5636;147;5783;4135243;87098;4222341
28/02/2016;5276;122;5398;4140519;87220;4227739
29/02/2016;7716;132;7848;4148235;87352;4235587
1/03/2016;8496;103;8599;4156731;87455;4244186
2/03/2016;9229;86;9315;4165960;87541;4253501
3/03/2016;9352;80;9432;4175312;87621;4262933
4/03/2016;8423;130;8553;4183735;87751;4271486
5/03/2016;6171;148;6319;4189906;87899;4277805
6/03/2016;5793;272;6065;4195699;88171;4283870
7/03/2016;6226;80;6306;4201925;88251;4290176
8/03/2016;8027;69;8096;4209952;88320;4298272
9/03/2016;8058;65;8123;4218010;88385;4306395
10/03/2016;8448;66;8514;4226458;88451;4314909
11/03/2016;8943;121;9064;4235401;88572;4323973
12/03/2016;7466;370;7836;4242867;88942;4331809
13/03/2016;6989;387;7376;4249856;89329;4339185
14/03/2016;7819;98;7917;4257675;89427;4347102
15/03/2016;8757;63;8820;4266432;89490;4355922
16/03/2016;9367;81;9448;4275799;89571;4365370
17/03/2016;9640;124;9764;4285439;89695;4375134
18/03/2016;7918;135;8053;4293357;89830;4383187
19/03/2016;4456;104;4560;4297813;89934;4387747
20/03/2016;4704;226;4930;4302517;90160;4392677
21/03/2016;4085;108;4193;4306602;90268;4396870
22/03/2016;6274;106;6380;4312876;90374;4403250
23/03/2016;6111;143;6254;4318987;90517;4409504
24/03/2016;4115;330;4445;4323102;90847;4413949
25/03/2016;3565;377;3942;4326667;91224;4417891
26/03/2016;4063;437;4500;4330730;91661;4422391
27/03/2016;4484;394;4878;4335214;92055;4427269
28/03/2016;6427;150;6577;4341641;92205;4433846
29/03/2016;8496;139;8635;4350137;92344;4442481
30/03/2016;9752;184;9936;4359889;92528;4452417
31/03/2016;8675;95;8770;4368564;92623;4461187
1/04/2016;9409;93;9502;4377973;92716;4470689
2/04/2016;8228;354;8582;4386201;93070;4479271
3/04/2016;5656;190;5846;4391857;93260;4485117
4/04/2016;2164;8;2172;4394021;93268;4487289
5/04/2016;8928;123;9051;4402949;93391;4496340
6/04/2016;9910;88;9998;4412859;93479;4506338
7/04/2016;10551;132;10683;4423410;93611;4517021
8/04/2016;9941;177;10118;4433351;93788;4527139
9/04/2016;8593;434;9027;4441944;94222;4536166
10/04/2016;5373;152;5525;4447317;94374;4541691
11/04/2016;4838;60;4898;4452155;94434;4546589
12/04/2016;4193;40;4233;4456348;94474;4550822
13/04/2016;8921;90;9011;4465269;94564;4559833
14/04/2016;9814;102;9916;4475083;94666;4569749
15/04/2016;9310;188;9498;4484393;94854;4579247
16/04/2016;4033;61;4094;4488426;94915;4583341
17/04/2016;7784;487;8271;4496210;95402;4591612
18/04/2016;9486;247;9733;4505696;95649;4601345
19/04/2016;5465;43;5508;4511161;95692;4606853
20/04/2016;5336;30;5366;4516497;95722;4612219
21/04/2016;9379;144;9523;4525876;95866;4621742
22/04/2016;9275;169;9444;4535151;96035;4631186
23/04/2016;7196;292;7488;4542347;96327;4638674
24/04/2016;8467;553;9020;4550814;96880;4647694
25/04/2016;9371;157;9528;4560185;97037;4657222
26/04/2016;10348;104;10452;4570533;97141;4667674
27/04/2016;10338;128;10466;4580871;97269;4678140
28/04/2016;9873;142;10015;4590744;97411;4688155
29/04/2016;9532;221;9753;4600276;97632;4697908
30/04/2016;6957;511;7468;4607233;98143;4705376
1/05/2016;5878;536;6414;4613111;98679;4711790
2/05/2016;6703;525;7228;4619814;99204;4719018
3/05/2016;10253;200;10453;4630067;99404;4729471
4/05/2016;11535;185;11720;4641602;99589;4741191
5/05/2016;9852;190;10042;4651454;99779;4751233
6/05/2016;7185;107;7292;4658639;99886;4758525
7/05/2016;6695;305;7000;4665334;100191;4765525
8/05/2016;3054;48;3102;4668388;100239;4768627
9/05/2016;5317;34;5351;4673705;100273;4773978
10/05/2016;5697;40;5737;4679402;100313;4779715
11/05/2016;7080;44;7124;4686482;100357;4786839
12/05/2016;8743;57;8800;4695225;100414;4795639
13/05/2016;8197;80;8277;4703422;100494;4803916
14/05/2016;7334;382;7716;4710756;100876;4811632
15/05/2016;7474;523;7997;4718230;101399;4819629
16/05/2016;8096;547;8643;4726326;101946;4828272
17/05/2016;10527;267;10794;4736853;102213;4839066
18/05/2016;11489;174;11663;4748342;102387;4850729
19/05/2016;11790;136;11926;4760132;102523;4862655
20/05/2016;12225;266;12491;4772357;102789;4875146
21/05/2016;10361;565;10926;4782718;103354;4886072
22/05/2016;8902;538;9440;4791620;103892;4895512
23/05/2016;10154;244;10398;4801774;104136;4905910
24/05/2016;10947;143;11090;4812721;104279;4917000
25/05/2016;10956;169;11125;4823677;104448;4928125
26/05/2016;11927;226;12153;4835604;104674;4940278
27/05/2016;12026;285;12311;4847630;104959;4952589
28/05/2016;7365;288;7653;4854995;105247;4960242
29/05/2016;7612;407;8019;4862607;105654;4968261
30/05/2016;10238;228;10466;4872845;105882;4978727
31/05/2016;11024;166;11190;4883869;106048;4989917
1/06/2016;11860;168;12028;4895729;106216;5001945
2/06/2016;12091;179;12270;4907820;106395;5014215
3/06/2016;11862;235;12097;4919682;106630;5026312
4/06/2016;9605;454;10059;4929287;107084;5036371
5/06/2016;9158;570;9728;4938445;107654;5046099
6/06/2016;11216;248;11464;4949661;107902;5057563
7/06/2016;12214;204;12418;4961875;108106;5069981
8/06/2016;12863;201;13064;4974738;108307;5083045
9/06/2016;12630;228;12858;4987368;108535;5095903
10/06/2016;12882;299;13181;5000250;108834;5109084
11/06/2016;9684;439;10123;5009934;109273;5119207
12/06/2016;8959;401;9360;5018893;109674;5128567
13/06/2016;11566;149;11715;5030459;109823;5140282
14/06/2016;12381;136;12517;5042840;109959;5152799
15/06/2016;11285;113;11398;5054125;110072;5164197
16/06/2016;10832;81;10913;5064957;110153;5175110
17/06/2016;11401;130;11531;5076358;110283;5186641
18/06/2016;8934;350;9284;5085292;110633;5195925
19/06/2016;8285;305;8590;5093577;110938;5204515
20/06/2016;11266;112;11378;5104843;111050;5215893
21/06/2016;12178;134;12312;5117021;111184;5228205
22/06/2016;12653;152;12805;5129674;111336;5241010
23/06/2016;12639;170;12809;5142313;111506;5253819
24/06/2016;12167;235;12402;5154480;111741;5266221
25/06/2016;8780;408;9188;5163260;112149;5275409
26/06/2016;8510;337;8847;5171770;112486;5284256
27/06/2016;11352;199;11551;5183122;112685;5295807
28/06/2016;12087;138;12225;5195209;112823;5308032
29/06/2016;12558;155;12713;5207767;112978;5320745
30/06/2016;12961;147;13108;5220728;113125;5333853
1/07/2016;11751;155;11906;5232479;113280;5345759
2/07/2016;8519;298;8817;5240998;113578;5354576
3/07/2016;7946;360;8306;5248944;113938;5362882
4/07/2016;10524;255;10779;5259468;114193;5373661
5/07/2016;12205;152;12357;5271673;114345;5386018
6/07/2016;11981;160;12141;5283654;114505;5398159
7/07/2016;11717;167;11884;5295371;114672;5410043
8/07/2016;11306;183;11489;5306677;114855;5421532
9/07/2016;8220;328;8548;5314897;115183;5430080
10/07/2016;7306;340;7646;5322203;115523;5437726
11/07/2016;11081;137;11218;5333284;115660;5448944
12/07/2016;12213;153;12366;5345497;115813;5461310
13/07/2016;12648;180;12828;5358145;115993;5474138
14/07/2016;12046;196;12242;5370191;116189;5486380
15/07/2016;11028;188;11216;5381219;116377;5497596
16/07/2016;7663;357;8020;5388882;116734;5505616
17/07/2016;7107;267;7374;5395989;117001;5512990
18/07/2016;10286;175;10461;5406275;117176;5523451
19/07/2016;11385;168;11553;5417660;117344;5535004
20/07/2016;11436;199;11635;5429096;117543;5546639
21/07/2016;11715;143;11858;5440811;117686;5558497
22/07/2016;10152;212;10364;5450963;117898;5568861
23/07/2016;6206;302;6508;5457169;118200;5575369
24/07/2016;5615;302;5917;5462784;118502;5581286
25/07/2016;6071;216;6287;5468855;118718;5587573
26/07/2016;10209;143;10352;5479064;118861;5597925
27/07/2016;10951;145;11096;5490015;119006;5609021
28/07/2016;11138;151;11289;5501153;119157;5620310
29/07/2016;10110;175;10285;5511263;119332;5630595
30/07/2016;7009;195;7204;5518272;119527;5637799
31/07/2016;6726;296;7022;5524998;119823;5644821
1/08/2016;8628;187;8815;5533626;120010;5653636
2/08/2016;8900;185;9085;5542526;120195;5662721
3/08/2016;9396;204;9600;5551922;120399;5672321
4/08/2016;9293;176;9469;5561215;120575;5681790
5/08/2016;8371;191;8562;5569586;120766;5690352
6/08/2016;5758;258;6016;5575344;121024;5696368
7/08/2016;5413;263;5676;5580757;121287;5702044
8/08/2016;7363;205;7568;5588120;121492;5709612
9/08/2016;7729;168;7897;5595849;121660;5717509
10/08/2016;7980;176;8156;5603829;121836;5725665
11/08/2016;7932;242;8174;5611761;122078;5733839
12/08/2016;6981;274;7255;5618742;122352;5741094
13/08/2016;5006;313;5319;5623748;122665;5746413
14/08/2016;4671;447;5118;5628419;123112;5751531
15/08/2016;4916;352;5268;5633335;123464;5756799
16/08/2016;7307;249;7556;5640642;123713;5764355
17/08/2016;7701;222;7923;5648343;123935;5772278
18/08/2016;7991;248;8239;5656334;124183;5780517
19/08/2016;7511;232;7743;5663845;124415;5788260
20/08/2016;5738;317;6055;5669583;124732;5794315
21/08/2016;5577;347;5924;5675160;125079;5800239
22/08/2016;8095;176;8271;5683255;125255;5808510
23/08/2016;8495;208;8703;5691750;125463;5817213
24/08/2016;9040;189;9229;5700790;125652;5826442
25/08/2016;9013;266;9279;5709803;125918;5835721
26/08/2016;8348;201;8549;5718151;126119;5844270
27/08/2016;6998;335;7333;5725149;126454;5851603
28/08/2016;6451;325;6776;5731600;126779;5858379
29/08/2016;9176;143;9319;5740776;126922;5867698
30/08/2016;10113;102;10215;5750889;127024;5877913
31/08/2016;10646;143;10789;5761535;127167;5888702
1/09/2016;10919;103;11022;5772454;127270;5899724
2/09/2016;10929;133;11062;5783383;127403;5910786
3/09/2016;8301;301;8602;5791684;127704;5919388
4/09/2016;7925;328;8253;5799609;128032;5927641
5/09/2016;10470;123;10593;5810079;128155;5938234
6/09/2016;10927;115;11042;5821006;128270;5949276
7/09/2016;11193;80;11273;5832199;128350;5960549
8/09/2016;11283;125;11408;5843482;128475;5971957
9/09/2016;10819;143;10962;5854301;128618;5982919
10/09/2016;7990;322;8312;5862291;128940;5991231
11/09/2016;7576;255;7831;5869867;129195;5999062
12/09/2016;9565;138;9703;5879432;129333;6008765
13/09/2016;8067;70;8137;5887499;129403;6016902
14/09/2016;9261;121;9382;5896760;129524;6026284
15/09/2016;9846;115;9961;5906606;129639;6036245
16/09/2016;9495;151;9646;5916101;129790;6045891
17/09/2016;7241;225;7466;5923342;130015;6053357
18/09/2016;6623;300;6923;5929965;130315;6060280
19/09/2016;7953;103;8056;5937918;130418;6068336
20/09/2016;8762;79;8841;5946680;130497;6077177
21/09/2016;8862;67;8929;5955542;130564;6086106
22/09/2016;9039;94;9133;5964581;130658;6095239
23/09/2016;8378;97;8475;5972959;130755;6103714
24/09/2016;6482;256;6738;5979441;131011;6110452
25/09/2016;5751;251;6002;5985192;131262;6116454
26/09/2016;6247;96;6343;5991439;131358;6122797
27/09/2016;7728;64;7792;5999167;131422;6130589
28/09/2016;8299;67;8366;6007466;131489;6138955
29/09/2016;8452;80;8532;6015918;131569;6147487
30/09/2016;8666;129;8795;6024584;131698;6156282
1/10/2016;7097;278;7375;6031681;131976;6163657
2/10/2016;6789;364;7153;6038470;132340;6170810
3/10/2016;7955;92;8047;6046425;132432;6178857
4/10/2016;8608;76;8684;6055033;132508;6187541
5/10/2016;8796;51;8847;6063829;132559;6196388
6/10/2016;9093;87;9180;6072922;132646;6205568
7/10/2016;8688;154;8842;6081610;132800;6214410
8/10/2016;6889;348;7237;6088499;133148;6221647
9/10/2016;6079;336;6415;6094578;133484;6228062
10/10/2016;7277;110;7387;6101855;133594;6235449
11/10/2016;8050;82;8132;6109905;133676;6243581
12/10/2016;2759;22;2781;6112664;133698;6246362
13/10/2016;4491;35;4526;6117155;133733;6250888
14/10/2016;6151;49;6200;6123306;133782;6257088
15/10/2016;5162;144;5306;6128468;133926;6262394
16/10/2016;4381;180;4561;6132849;134106;6266955
17/10/2016;5113;70;5183;6137962;134176;6272138
18/10/2016;6263;44;6307;6144225;134220;6278445
19/10/2016;4292;17;4309;6148517;134237;6282754
20/10/2016;3888;14;3902;6152405;134251;6286656
21/10/2016;5610;68;5678;6158015;134319;6292334
22/10/2016;2604;43;2647;6160619;134362;6294981
23/10/2016;1917;36;1953;6162536;134398;6296934
24/10/2016;3811;32;3843;6166347;134430;6300777
25/10/2016;5060;36;5096;6171407;134466;6305873
26/10/2016;5920;60;5980;6177327;134526;6311853
27/10/2016;5986;73;6059;6183313;134599;6317912
28/10/2016;5541;62;5603;6188854;134661;6323515
29/10/2016;4389;186;4575;6193243;134847;6328090
30/10/2016;3617;255;3872;6196860;135102;6331962
31/10/2016;4701;117;4818;6201561;135219;6336780
1/11/2016;4235;168;4403;6205796;135387;6341183
2/11/2016;5645;46;5691;6211441;135433;6346874
3/11/2016;6153;58;6211;6217594;135491;6353085
4/11/2016;2947;18;2965;6220541;135509;6356050
5/11/2016;2166;19;2185;6222707;135528;6358235
6/11/2016;3682;122;3804;6226389;135650;6362039
7/11/2016;4564;56;4620;6230953;135706;6366659
8/11/2016;5525;45;5570;6236478;135751;6372229
9/11/2016;4031;61;4092;6240509;135812;6376321
10/11/2016;5555;50;5605;6246064;135862;6381926
11/11/2016;5773;67;5840;6251837;135929;6387766
12/11/2016;4465;121;4586;6256302;136050;6392352
13/11/2016;4276;144;4420;6260578;136194;6396772
14/11/2016;5138;35;5173;6265716;136229;6401945
15/11/2016;5148;57;5205;6270864;136286;6407150
16/11/2016;5450;40;5490;6276314;136326;6412640
17/11/2016;5774;39;5813;6282088;136365;6418453
18/11/2016;5858;67;5925;6287946;136432;6424378
19/11/2016;4556;183;4739;6292502;136615;6429117
20/11/2016;1502;22;1524;6294004;136637;6430641
21/11/2016;4146;25;4171;6298150;136662;6434812
22/11/2016;4850;12;4862;6303000;136674;6439674
23/11/2016;4312;12;4324;6307312;136686;6443998
24/11/2016;5213;26;5239;6312525;136712;6449237
25/11/2016;2759;8;2767;6315284;136720;6452004
26/11/2016;1782;9;1791;6317066;136729;6453795
27/11/2016;1802;18;1820;6318868;136747;6455615
28/11/2016;5310;62;5372;6324178;136809;6460987
29/11/2016;5299;27;5326;6329477;136836;6466313
30/11/2016;5987;39;6026;6335464;136875;6472339
1/12/2016;6249;23;6272;6341713;136898;6478611
2/12/2016;6511;45;6556;6348224;136943;6485167
3/12/2016;4623;173;4796;6352847;137116;6489963
4/12/2016;1937;26;1963;6354784;137142;6491926
5/12/2016;5256;67;5323;6360040;137209;6497249
6/12/2016;4903;191;5094;6364943;137400;6502343
7/12/2016;5971;61;6032;6370914;137461;6508375
8/12/2016;4449;117;4566;6375363;137578;6512941
9/12/2016;5341;82;5423;6380704;137660;6518364
10/12/2016;4806;206;5012;6385510;137866;6523376
11/12/2016;4386;134;4520;6389896;138000;6527896
12/12/2016;5650;30;5680;6395546;138030;6533576
13/12/2016;5799;25;5824;6401345;138055;6539400
14/12/2016;5191;15;5206;6406536;138070;6544606
15/12/2016;4259;15;4274;6410795;138085;6548880
16/12/2016;4169;14;4183;6414964;138099;6553063
17/12/2016;5660;117;5777;6420624;138216;6558840
18/12/2016;4624;111;4735;6425248;138327;6563575
19/12/2016;5723;54;5777;6430971;138381;6569352
20/12/2016;6158;50;6208;6437129;138431;6575560
21/12/2016;6711;67;6778;6443840;138498;6582338
22/12/2016;6676;46;6722;6450516;138544;6589060
23/12/2016;5949;102;6051;6456465;138646;6595111
24/12/2016;3265;87;3352;6459730;138733;6598463
25/12/2016;1911;116;2027;6461641;138849;6600490
26/12/2016;2996;131;3127;6464637;138980;6603617
27/12/2016;4799;160;4959;6469436;139140;6608576
28/12/2016;5185;247;5432;6474621;139387;6614008
29/12/2016;5561;211;5772;6480182;139598;6619780
30/12/2016;4972;208;5180;6485154;139806;6624960
31/12/2016;2696;103;2799;6487850;139909;6627759
1/01/2017;1767;133;1900;6489617;140042;6629659
2/01/2017;3297;116;3413;6492914;140158;6633072
3/01/2017;4507;156;4663;6497421;140314;6637735
4/01/2017;5214;162;5376;6502635;140476;6643111
5/01/2017;5077;118;5195;6507712;140594;6648306
6/01/2017;2934;161;3095;6510646;140755;6651401
7/01/2017;4030;111;4141;6514676;140866;6655542
8/01/2017;3760;97;3857;6518436;140963;6659399
9/01/2017;5686;76;5762;6524122;141039;6665161
10/01/2017;6221;55;6276;6530343;141094;6671437
11/01/2017;6974;54;7028;6537317;141148;6678465
12/01/2017;6788;77;6865;6544105;141225;6685330
13/01/2017;6743;105;6848;6550848;141330;6692178
14/01/2017;5080;149;5229;6555928;141479;6697407
15/01/2017;4234;139;4373;6560162;141618;6701780
16/01/2017;6036;54;6090;6566198;141672;6707870
17/01/2017;5961;34;5995;6572159;141706;6713865
18/01/2017;5328;47;5375;6577487;141753;6719240
19/01/2017;5084;55;5139;6582571;141808;6724379
20/01/2017;5243;55;5298;6587814;141863;6729677
21/01/2017;4548;119;4667;6592362;141982;6734344
22/01/2017;4003;96;4099;6596365;142078;6738443
23/01/2017;5768;35;5803;6602133;142113;6744246
24/01/2017;6515;25;6540;6608648;142138;6750786
25/01/2017;6435;37;6472;6615083;142175;6757258
26/01/2017;6187;17;6204;6621270;142192;6763462
27/01/2017;4038;10;4048;6625308;142202;6767510
28/01/2017;4479;141;4620;6629787;142343;6772130
29/01/2017;2874;52;2926;6632661;142395;6775056
30/01/2017;5438;67;5505;6638099;142462;6780561
31/01/2017;6756;45;6801;6644855;142507;6787362
1/02/2017;6245;53;6298;6651100;142560;6793660
2/02/2017;5170;39;5209;6656270;142599;6798869
3/02/2017;5573;49;5622;6661843;142648;6804491
4/02/2017;4093;74;4167;6665936;142722;6808658
5/02/2017;3967;97;4064;6669903;142819;6812722
6/02/2017;6602;49;6651;6676505;142868;6819373
7/02/2017;6097;20;6117;6682602;142888;6825490
8/02/2017;7163;19;7182;6689765;142907;6832672
9/02/2017;7020;42;7062;6696785;142949;6839734
10/02/2017;4641;18;4659;6701426;142967;6844393
11/02/2017;2477;27;2504;6703903;142994;6846897
12/02/2017;1929;14;1943;6705832;143008;6848840
13/02/2017;5536;36;5572;6711368;143044;6854412
14/02/2017;6990;82;7072;6718358;143126;6861484
15/02/2017;7583;93;7676;6725941;143219;6869160
16/02/2017;7515;107;7622;6733456;143326;6876782
17/02/2017;7240;141;7381;6740696;143467;6884163
18/02/2017;5624;222;5846;6746320;143689;6890009
19/02/2017;5006;326;5332;6751326;144015;6895341
20/02/2017;7069;105;7174;6758395;144120;6902515
21/02/2017;7568;120;7688;6765963;144240;6910203
22/02/2017;8019;97;8116;6773982;144337;6918319
23/02/2017;7093;99;7192;6781075;144436;6925511
24/02/2017;8240;144;8384;6789315;144580;6933895
25/02/2017;6264;397;6661;6795579;144977;6940556
26/02/2017;5421;328;5749;6801000;145305;6946305
27/02/2017;7052;174;7226;6808052;145479;6953531
28/02/2017;7552;100;7652;6815604;145579;6961183
1/03/2017;8361;81;8442;6823965;145660;6969625
2/03/2017;8320;114;8434;6832285;145774;6978059
3/03/2017;5411;47;5458;6837696;145821;6983517
4/03/2017;5072;159;5231;6842768;145980;6988748
5/03/2017;4633;164;4797;6847401;146144;6993545
6/03/2017;7913;48;7961;6855314;146192;7001506
7/03/2017;8776;79;8855;6864090;146271;7010361
8/03/2017;9521;101;9622;6873611;146372;7019983
9/03/2017;9760;107;9867;6883371;146479;7029850
10/03/2017;9826;206;10032;6893197;146685;7039882
11/03/2017;7473;437;7910;6900670;147122;7047792
12/03/2017;6152;376;6528;6906822;147498;7054320
13/03/2017;7128;95;7223;6913950;147593;7061543
14/03/2017;8414;83;8497;6922364;147676;7070040
15/03/2017;9387;124;9511;6931751;147800;7079551
16/03/2017;9654;128;9782;6941405;147928;7089333
17/03/2017;8362;147;8509;6949767;148075;7097842
18/03/2017;5929;444;6373;6955696;148519;7104215
19/03/2017;5390;491;5881;6961086;149010;7110096
20/03/2017;5861;419;6280;6966947;149429;7116376
21/03/2017;8200;116;8316;6975147;149545;7124692
22/03/2017;6181;30;6211;6981328;149575;7130903
23/03/2017;5235;29;5264;6986563;149604;7136167
24/03/2017;5633;57;5690;6992196;149661;7141857
25/03/2017;4698;148;4846;6996894;149809;7146703
26/03/2017;4645;166;4811;7001539;149975;7151514
27/03/2017;6577;104;6681;7008116;150079;7158195
28/03/2017;8513;92;8605;7016629;150171;7166800
29/03/2017;9173;112;9285;7025802;150283;7176085
30/03/2017;9459;136;9595;7035261;150419;7185680
31/03/2017;9382;141;9523;7044643;150560;7195203
1/04/2017;6999;379;7378;7051642;150939;7202581
2/04/2017;6737;336;7073;7058379;151275;7209654
3/04/2017;8290;160;8450;7066669;151435;7218104
4/04/2017;9173;128;9301;7075842;151563;7227405
5/04/2017;8953;112;9065;7084795;151675;7236470
6/04/2017;9001;110;9111;7093796;151785;7245581
7/04/2017;8972;154;9126;7102768;151939;7254707
8/04/2017;6919;364;7283;7109687;152303;7261990
9/04/2017;6272;452;6724;7115959;152755;7268714
10/04/2017;7576;277;7853;7123535;153032;7276567
11/04/2017;7694;289;7983;7131229;153321;7284550
12/04/2017;6985;298;7283;7138214;153619;7291833
13/04/2017;4233;368;4601;7142447;153987;7296434
14/04/2017;4056;427;4483;7146503;154414;7300917
15/04/2017;4300;602;4902;7150803;155016;7305819
16/04/2017;4757;564;5321;7155560;155580;7311140
17/04/2017;8567;382;8949;7164127;155962;7320089
18/04/2017;9908;213;10121;7174035;156175;7330210
19/04/2017;9269;161;9430;7183304;156336;7339640
20/04/2017;8928;155;9083;7192232;156491;7348723
21/04/2017;9973;206;10179;7202205;156697;7358902
22/04/2017;7539;415;7954;7209744;157112;7366856
23/04/2017;8660;583;9243;7218404;157695;7376099
24/04/2017;9476;274;9750;7227880;157969;7385849
25/04/2017;9410;123;9533;7237290;158092;7395382
26/04/2017;9664;91;9755;7246954;158183;7405137
27/04/2017;8761;61;8822;7255715;158244;7413959
28/04/2017;8217;124;8341;7263932;158368;7422300
29/04/2017;3229;115;3344;7267161;158483;7425644
30/04/2017;3278;144;3422;7270439;158627;7429066
1/05/2017;4831;393;5224;7275270;159020;7434290
2/05/2017;6477;293;6770;7281747;159313;7441060
3/05/2017;9878;132;10010;7291625;159445;7451070
4/05/2017;10442;91;10533;7302067;159536;7461603
5/05/2017;9076;103;9179;7311143;159639;7470782
6/05/2017;7831;389;8220;7318974;160028;7479002
7/05/2017;8158;423;8581;7327132;160451;7487583
8/05/2017;10266;185;10451;7337398;160636;7498034
9/05/2017;10925;206;11131;7348323;160842;7509165
10/05/2017;10571;124;10695;7358894;160966;7519860
11/05/2017;7074;54;7128;7365968;161020;7526988
12/05/2017;7119;61;7180;7373087;161081;7534168
13/05/2017;7036;323;7359;7380123;161404;7541527
14/05/2017;7447;509;7956;7387570;161913;7549483
15/05/2017;7761;448;8209;7395331;162361;7557692
16/05/2017;10710;181;10891;7406041;162542;7568583
17/05/2017;11183;141;11324;7417224;162683;7579907
18/05/2017;10534;159;10693;7427758;162842;7590600
19/05/2017;11251;210;11461;7439009;163052;7602061
20/05/2017;9100;434;9534;7448109;163486;7611595
21/05/2017;7967;402;8369;7456076;163888;7619964
22/05/2017;11221;210;11431;7467297;164098;7631395
23/05/2017;11643;228;11871;7478940;164326;7643266
24/05/2017;12265;210;12475;7491205;164536;7655741
25/05/2017;12466;281;12747;7503671;164817;7668488
26/05/2017;12293;300;12593;7515964;165117;7681081
27/05/2017;10032;586;10618;7525996;165703;7691699
28/05/2017;8820;678;9498;7534816;166381;7701197
29/05/2017;11405;235;11640;7546221;166616;7712837
30/05/2017;12445;178;12623;7558666;166794;7725460
31/05/2017;12795;185;12980;7571461;166979;7738440
1/06/2017;13450;132;13582;7584911;167111;7752022
2/06/2017;12453;198;12651;7597364;167309;7764673
3/06/2017;9006;377;9383;7606370;167686;7774056
4/06/2017;9061;270;9331;7615431;167956;7783387
5/06/2017;11299;182;11481;7626730;168138;7794868
6/06/2017;12320;176;12496;7639050;168314;7807364
7/06/2017;12873;190;13063;7651923;168504;7820427
8/06/2017;13128;211;13339;7665051;168715;7833766
9/06/2017;12915;232;13147;7677966;168947;7846913
10/06/2017;9813;402;10215;7687779;169349;7857128
11/06/2017;9001;407;9408;7696780;169756;7866536
12/06/2017;11676;226;11902;7708456;169982;7878438
13/06/2017;12425;160;12585;7720881;170142;7891023
14/06/2017;13021;115;13136;7733902;170257;7904159
15/06/2017;12870;126;12996;7746772;170383;7917155
16/06/2017;12229;159;12388;7759001;170542;7929543
17/06/2017;8785;285;9070;7767786;170827;7938613
18/06/2017;7718;205;7923;7775504;171032;7946536
19/06/2017;12197;140;12337;7787701;171172;7958873
20/06/2017;12409;129;12538;7800110;171301;7971411
21/06/2017;13700;180;13880;7813810;171481;7985291
22/06/2017;13718;192;13910;7827528;171673;7999201
23/06/2017;12616;178;12794;7840144;171851;8011995
24/06/2017;8943;351;9294;7849087;172202;8021289
25/06/2017;7153;317;7470;7856240;172519;8028759
26/06/2017;11538;162;11700;7867778;172681;8040459
27/06/2017;12991;183;13174;7880769;172864;8053633
28/06/2017;13018;186;13204;7893787;173050;8066837
29/06/2017;12721;145;12866;7906508;173195;8079703
30/06/2017;11515;185;11700;7918023;173380;8091403
1/07/2017;8144;266;8410;7926167;173646;8099813
2/07/2017;7340;305;7645;7933507;173951;8107458
3/07/2017;11905;256;12161;7945412;174207;8119619
4/07/2017;12701;214;12915;7958113;174421;8132534
5/07/2017;13090;265;13355;7971203;174686;8145889
6/07/2017;6135;69;6204;7977338;174755;8152093
7/07/2017;7721;101;7822;7985059;174856;8159915
8/07/2017;7588;315;7903;7992647;175171;8167818
9/07/2017;7862;468;8330;8000509;175639;8176148
10/07/2017;11684;289;11973;8012193;175928;8188121
11/07/2017;12355;169;12524;8024548;176097;8200645
12/07/2017;12603;162;12765;8037151;176259;8213410
13/07/2017;12358;188;12546;8049509;176447;8225956
14/07/2017;11208;186;11394;8060717;176633;8237350
15/07/2017;7354;226;7580;8068071;176859;8244930
16/07/2017;7256;307;7563;8075327;177166;8252493
17/07/2017;11127;193;11320;8086454;177359;8263813
18/07/2017;11844;167;12011;8098298;177526;8275824
19/07/2017;12203;179;12382;8110501;177705;8288206
20/07/2017;12439;177;12616;8122940;177882;8300822
21/07/2017;11433;193;11626;8134373;178075;8312448
22/07/2017;7682;378;8060;8142055;178453;8320508
23/07/2017;6796;285;7081;8148851;178738;8327589
24/07/2017;10956;136;11092;8159807;178874;8338681
25/07/2017;11613;204;11817;8171420;179078;8350498
26/07/2017;12065;137;12202;8183485;179215;8362700
27/07/2017;12414;204;12618;8195899;179419;8375318
28/07/2017;11344;219;11563;8207243;179638;8386881
29/07/2017;7169;281;7450;8214412;179919;8394331
30/07/2017;6490;293;6783;8220902;180212;8401114
31/07/2017;9759;258;10017;8230661;180470;8411131
1/08/2017;9935;177;10112;8240596;180647;8421243
2/08/2017;10519;190;10709;8251115;180837;8431952
3/08/2017;10228;199;10427;8261343;181036;8442379
4/08/2017;9207;210;9417;8270550;181246;8451796
5/08/2017;6235;223;6458;8276785;181469;8458254
6/08/2017;5801;297;6098;8282586;181766;8464352
7/08/2017;8553;193;8746;8291139;181959;8473098
8/08/2017;8844;262;9106;8299983;182221;8482204
9/08/2017;8764;216;8980;8308747;182437;8491184
10/08/2017;8440;197;8637;8317187;182634;8499821
11/08/2017;7573;272;7845;8324760;182906;8507666
12/08/2017;5341;333;5674;8330101;183239;8513340
13/08/2017;4973;462;5435;8335074;183701;8518775
14/08/2017;6536;316;6852;8341610;184017;8525627
15/08/2017;5781;316;6097;8347391;184333;8531724
16/08/2017;8001;292;8293;8355392;184625;8540017
17/08/2017;8472;277;8749;8363864;184902;8548766
18/08/2017;7692;222;7914;8371556;185124;8556680
19/08/2017;5766;328;6094;8377322;185452;8562774
20/08/2017;5657;337;5994;8382979;185789;8568768
21/08/2017;8469;241;8710;8391448;186030;8577478
22/08/2017;9130;187;9317;8400578;186217;8586795
23/08/2017;9430;212;9642;8410008;186429;8596437
24/08/2017;9699;219;9918;8419707;186648;8606355
25/08/2017;9107;237;9344;8428814;186885;8615699
26/08/2017;6860;373;7233;8435674;187258;8622932
27/08/2017;6348;349;6697;8442022;187607;8629629
28/08/2017;5877;88;5965;8447899;187695;8635594
29/08/2017;10215;235;10450;8458114;187930;8646044
30/08/2017;11224;161;11385;8469338;188091;8657429
31/08/2017;12064;154;12218;8481402;188245;8669647
1/09/2017;12042;179;12221;8493444;188424;8681868
2/09/2017;8727;446;9173;8502171;188870;8691041
3/09/2017;8863;449;9312;8511034;189319;8700353
4/09/2017;12386;261;12647;8523420;189580;8713000
5/09/2017;13437;212;13649;8536857;189792;8726649
6/09/2017;14052;232;14284;8550909;190024;8740933
7/09/2017;14092;257;14349;8565001;190281;8755282
8/09/2017;13481;325;13806;8578482;190606;8769088
9/09/2017;9634;341;9975;8588116;190947;8779063
10/09/2017;8958;427;9385;8597074;191374;8788448
11/09/2017;12666;213;12879;8609740;191587;8801327
12/09/2017;13674;166;13840;8623414;191753;8815167
13/09/2017;14269;224;14493;8637683;191977;8829660
14/09/2017;14288;196;14484;8651971;192173;8844144
15/09/2017;13109;200;13309;8665080;192373;8857453
16/09/2017;9434;386;9820;8674514;192759;8867273
17/09/2017;9218;419;9637;8683732;193178;8876910
18/09/2017;12353;156;12509;8696085;193334;8889419
19/09/2017;13438;153;13591;8709523;193487;8903010
20/09/2017;14130;198;14328;8723653;193685;8917338
21/09/2017;14023;170;14193;8737676;193855;8931531
22/09/2017;13325;305;13630;8751001;194160;8945161
23/09/2017;10329;495;10824;8761330;194655;8955985
24/09/2017;9904;499;10403;8771234;195154;8966388
25/09/2017;12789;181;12970;8784023;195335;8979358
26/09/2017;13612;209;13821;8797635;195544;8993179
27/09/2017;13872;186;14058;8811507;195730;9007237
28/09/2017;14228;212;14440;8825735;195942;9021677
29/09/2017;14455;258;14713;8840190;196200;9036390
30/09/2017;11151;474;11625;8851341;196674;9048015
1/10/2017;10292;590;10882;8861633;197264;9058897
2/10/2017;13104;204;13308;8874737;197468;9072205
3/10/2017;14254;241;14495;8888991;197709;9086700
4/10/2017;14474;156;14630;8903465;197865;9101330
5/10/2017;15044;263;15307;8918509;198128;9116637
6/10/2017;14563;239;14802;8933072;198367;9131439
7/10/2017;11344;416;11760;8944416;198783;9143199
8/10/2017;10601;497;11098;8955017;199280;9154297
9/10/2017;13186;251;13437;8968203;199531;9167734
10/10/2017;13659;140;13799;8981862;199671;9181533
11/10/2017;14067;158;14225;8995929;199829;9195758
12/10/2017;10097;396;10493;9006026;200225;9206251
13/10/2017;11312;365;11677;9017338;200590;9217928
14/10/2017;9223;587;9810;9026561;201177;9227738
15/10/2017;9250;481;9731;9035811;201658;9237469
16/10/2017;12837;208;13045;9048648;201866;9250514
17/10/2017;11316;142;11458;9059964;202008;9261972
18/10/2017;6339;38;6377;9066303;202046;9268349
19/10/2017;12290;139;12429;9078593;202185;9280778
20/10/2017;13326;149;13475;9091919;202334;9294253
21/10/2017;10759;363;11122;9102678;202697;9305375
22/10/2017;10423;459;10882;9113101;203156;9316257
23/10/2017;12131;221;12352;9125232;203377;9328609
24/10/2017;13290;149;13439;9138522;203526;9342048
25/10/2017;13835;136;13971;9152357;203662;9356019
26/10/2017;14274;186;14460;9166631;203848;9370479
27/10/2017;14110;269;14379;9180741;204117;9384858
28/10/2017;10861;563;11424;9191602;204680;9396282
29/10/2017;8972;517;9489;9200574;205197;9405771
30/10/2017;12391;269;12660;9212965;205466;9418431
31/10/2017;13423;233;13656;9226388;205699;9432087
1/11/2017;10173;394;10567;9236561;206093;9442654
2/11/2017;12647;205;12852;9249208;206298;9455506
3/11/2017;12892;307;13199;9262100;206605;9468705
4/11/2017;8413;362;8775;9270513;206967;9477480
5/11/2017;8461;395;8856;9278974;207362;9486336
6/11/2017;10804;94;10898;9289778;207456;9497234
7/11/2017;11833;96;11929;9301611;207552;9509163
8/11/2017;11621;59;11680;9313232;207611;9520843
9/11/2017;7292;138;7430;9320524;207749;9528273
10/11/2017;10143;135;10278;9330667;207884;9538551
11/11/2017;8418;345;8763;9339085;208229;9547314
12/11/2017;7851;412;8263;9346936;208641;9555577
13/11/2017;10354;120;10474;9357290;208761;9566051
14/11/2017;11097;65;11162;9368387;208826;9577213
15/11/2017;11291;63;11354;9379678;208889;9588567
16/11/2017;11854;81;11935;9391532;208970;9600502
17/11/2017;11847;176;12023;9403379;209146;9612525
18/11/2017;9591;325;9916;9412970;209471;9622441
19/11/2017;8223;411;8634;9421193;209882;9631075
20/11/2017;10885;149;11034;9432078;210031;9642109
21/11/2017;11648;86;11734;9443726;210117;9653843
22/11/2017;11784;89;11873;9455510;210206;9665716
23/11/2017;12160;75;12235;9467670;210281;9677951
24/11/2017;12325;120;12445;9479995;210401;9690396
25/11/2017;9162;313;9475;9489157;210714;9699871
26/11/2017;7474;265;7739;9496631;210979;9707610
27/11/2017;9687;51;9738;9506318;211030;9717348
28/11/2017;6813;23;6836;9513131;211053;9724184
29/11/2017;10585;36;10621;9523716;211089;9734805
30/11/2017;10236;77;10313;9533952;211166;9745118
1/12/2017;9630;37;9667;9543582;211203;9754785
2/12/2017;6680;135;6815;9550262;211338;9761600
3/12/2017;6061;170;6231;9556323;211508;9767831
4/12/2017;8734;50;8784;9565057;211558;9776615
5/12/2017;9279;57;9336;9574336;211615;9785951
6/12/2017;5988;154;6142;9580324;211769;9792093
7/12/2017;7060;182;7242;9587384;211951;9799335
8/12/2017;5116;205;5321;9592500;212156;9804656
9/12/2017;5857;287;6144;9598357;212443;9810800
10/12/2017;4537;185;4722;9602894;212628;9815522
11/12/2017;7576;23;7599;9610470;212651;9823121
12/12/2017;9280;35;9315;9619750;212686;9832436
13/12/2017;9420;19;9439;9629170;212705;9841875
14/12/2017;9825;62;9887;9638995;212767;9851762
15/12/2017;10289;82;10371;9649284;212849;9862133
16/12/2017;8165;131;8296;9657449;212980;9870429
17/12/2017;6942;151;7093;9664391;213131;9877522
18/12/2017;9140;50;9190;9673531;213181;9886712
19/12/2017;10232;55;10287;9683763;213236;9896999
20/12/2017;10391;33;10424;9694154;213269;9907423
21/12/2017;10372;94;10466;9704526;213363;9917889
22/12/2017;9901;164;10065;9714427;213527;9927954
23/12/2017;6604;188;6792;9721031;213715;9934746
24/12/2017;4198;181;4379;9725229;213896;9939125
25/12/2017;2347;58;2405;9727576;213954;9941530
26/12/2017;5003;69;5072;9732579;214023;9946602
27/12/2017;6049;161;6210;9738628;214184;9952812
28/12/2017;6951;195;7146;9745579;214379;9959958
29/12/2017;7423;249;7672;9753002;214628;9967630
30/12/2017;5891;323;6214;9758893;214951;9973844
31/12/2017;3889;245;4134;9762782;215196;9977978
1/01/2018;3454;315;3769;9766236;215511;9981747
2/01/2018;6414;235;6649;9772650;215746;9988396
3/01/2018;7689;200;7889;9780339;215946;9996285
4/01/2018;8282;183;8465;9788621;216129;10004750
5/01/2018;5872;75;5947;9794493;216204;10010697
6/01/2018;1379;14;1393;9795872;216218;10012090
7/01/2018;2414;7;2421;9798286;216225;10014511
8/01/2018;7802;41;7843;9806088;216266;10022354
9/01/2018;5915;9;5924;9812003;216275;10028278
10/01/2018;7045;11;7056;9819048;216286;10035334
11/01/2018;8765;39;8804;9827813;216325;10044138
12/01/2018;9262;41;9303;9837075;216366;10053441
13/01/2018;4311;31;4342;9841386;216397;10057783
14/01/2018;5375;82;5457;9846761;216479;10063240
15/01/2018;8130;49;8179;9854891;216528;10071419
16/01/2018;9315;61;9376;9864206;216589;10080795
17/01/2018;9698;42;9740;9873904;216631;10090535
18/01/2018;10004;101;10105;9883908;216732;10100640
19/01/2018;10226;117;10343;9894134;216849;10110983
20/01/2018;7471;245;7716;9901605;217094;10118699
21/01/2018;7460;242;7702;9909065;217336;10126401
22/01/2018;9511;63;9574;9918576;217399;10135975
23/01/2018;10212;88;10300;9928788;217487;10146275
24/01/2018;10689;46;10735;9939477;217533;10157010
25/01/2018;6790;17;6807;9946267;217550;10163817
26/01/2018;9192;67;9259;9955459;217617;10173076
27/01/2018;6681;175;6856;9962140;217792;10179932
28/01/2018;6069;195;6264;9968209;217987;10186196
29/01/2018;9164;76;9240;9977373;218063;10195436
30/01/2018;9785;65;9850;9987158;218128;10205286
31/01/2018;10190;89;10279;9997348;218217;10215565
1/02/2018;9070;62;9132;10006418;218279;10224697
2/02/2018;8789;47;8836;10015207;218326;10233533
3/02/2018;6586;177;6763;10021793;218503;10240296
4/02/2018;2152;23;2175;10023945;218526;10242471
5/02/2018;2895;7;2902;10026840;218533;10245373
6/02/2018;7745;40;7785;10034585;218573;10253158
7/02/2018;8023;30;8053;10042608;218603;10261211
8/02/2018;8278;49;8327;10050886;218652;10269538
9/02/2018;8485;70;8555;10059371;218722;10278093
10/02/2018;6220;216;6436;10065591;218938;10284529
11/02/2018;6115;217;6332;10071706;219155;10290861
12/02/2018;8168;83;8251;10079874;219238;10299112
13/02/2018;8476;62;8538;10088350;219300;10307650
14/02/2018;9320;70;9390;10097670;219370;10317040
15/02/2018;9205;123;9328;10106875;219493;10326368
16/02/2018;9515;162;9677;10116390;219655;10336045
17/02/2018;7232;284;7516;10123622;219939;10343561
18/02/2018;6686;339;7025;10130308;220278;10350586
19/02/2018;9048;66;9114;10139356;220344;10359700
20/02/2018;9924;79;10003;10149280;220423;10369703
21/02/2018;9325;92;9417;10158605;220515;10379120
22/02/2018;9370;50;9420;10167975;220565;10388540
23/02/2018;9452;115;9567;10177427;220680;10398107
24/02/2018;6940;273;7213;10184367;220953;10405320
25/02/2018;6608;294;6902;10190975;221247;10412222
26/02/2018;9235;87;9322;10200210;221334;10421544
27/02/2018;4627;13;4640;10204837;221347;10426184
28/02/2018;3615;13;3628;10208452;221360;10429812
1/03/2018;3254;5;3259;10211706;221365;10433071
2/03/2018;3615;8;3623;10215321;221373;10436694
3/03/2018;4580;106;4686;10219901;221479;10441380
4/03/2018;5280;134;5414;10225181;221613;10446794
5/03/2018;6159;42;6201;10231340;221655;10452995
6/03/2018;7641;47;7688;10238981;221702;10460683
7/03/2018;9573;70;9643;10248554;221772;10470326
8/03/2018;9520;63;9583;10258074;221835;10479909
9/03/2018;4818;12;4830;10262892;221847;10484739
10/03/2018;3858;76;3934;10266750;221923;10488673
11/03/2018;4509;60;4569;10271259;221983;10493242
12/03/2018;8478;92;8570;10279737;222075;10501812
13/03/2018;9267;75;9342;10289004;222150;10511154
14/03/2018;3219;27;3246;10292223;222177;10514400
15/03/2018;8998;77;9075;10301221;222254;10523475
16/03/2018;7844;139;7983;10309065;222393;10531458
17/03/2018;5016;162;5178;10314081;222555;10536636
18/03/2018;6187;235;6422;10320268;222790;10543058
19/03/2018;5829;35;5864;10326097;222825;10548922
20/03/2018;8030;48;8078;10334127;222873;10557000
21/03/2018;8762;50;8812;10342889;222923;10565812
22/03/2018;9451;79;9530;10352340;223002;10575342
23/03/2018;7071;54;7125;10359411;223056;10582467
24/03/2018;4894;131;5025;10364305;223187;10587492
25/03/2018;5075;204;5279;10369380;223391;10592771
26/03/2018;7357;181;7538;10376737;223572;10600309
27/03/2018;7985;202;8187;10384722;223774;10608496
28/03/2018;7263;214;7477;10391985;223988;10615973
29/03/2018;4036;220;4256;10396021;224208;10620229
30/03/2018;2976;268;3244;10398997;224476;10623473
31/03/2018;3664;285;3949;10402661;224761;10627422
1/04/2018;4772;510;5282;10407433;225271;10632704
2/04/2018;8853;301;9154;10416286;225572;10641858
3/04/2018;9293;98;9391;10425579;225670;10651249
4/04/2018;9794;96;9890;10435373;225766;10661139
5/04/2018;10976;138;11114;10446349;225904;10672253
6/04/2018;8253;156;8409;10454602;226060;10680662
7/04/2018;5237;81;5318;10459839;226141;10685980
8/04/2018;7248;294;7542;10467087;226435;10693522
9/04/2018;6908;28;6936;10473995;226463;10700458
10/04/2018;3063;6;3069;10477058;226469;10703527
11/04/2018;8612;67;8679;10485670;226536;10712206
12/04/2018;7075;53;7128;10492745;226589;10719334
13/04/2018;8595;80;8675;10501340;226669;10728009
14/04/2018;7668;330;7998;10509008;226999;10736007
15/04/2018;7296;300;7596;10516304;227299;10743603
16/04/2018;9844;116;9960;10526148;227415;10753563
17/04/2018;11401;168;11569;10537549;227583;10765132
18/04/2018;12503;191;12694;10550052;227774;10777826
19/04/2018;12561;139;12700;10562613;227913;10790526
20/04/2018;12149;177;12326;10574762;228090;10802852
21/04/2018;8705;419;9124;10583467;228509;10811976
22/04/2018;9094;336;9430;10592561;228845;10821406
23/04/2018;11376;221;11597;10603937;229066;10833003
24/04/2018;12845;183;13028;10616782;229249;10846031
25/04/2018;13592;160;13752;10630374;229409;10859783
26/04/2018;13392;171;13563;10643766;229580;10873346
27/04/2018;12329;291;12620;10656095;229871;10885966
28/04/2018;6987;453;7440;10663082;230324;10893406
29/04/2018;3707;150;3857;10666789;230474;10897263
30/04/2018;5555;199;5754;10672344;230673;10903017
1/05/2018;5669;418;6087;10678013;231091;10909104
2/05/2018;6903;236;7139;10684916;231327;10916243
3/05/2018;10814;211;11025;10695730;231538;10927268
4/05/2018;11629;223;11852;10707359;231761;10939120
5/05/2018;9114;463;9577;10716473;232224;10948697
6/05/2018;8495;478;8973;10724968;232702;10957670
7/05/2018;10334;234;10568;10735302;232936;10968238
8/05/2018;11623;268;11891;10746925;233204;10980129
9/05/2018;13000;234;13234;10759925;233438;10993363
10/05/2018;13411;335;13746;10773336;233773;11007109
11/05/2018;12759;350;13109;10786095;234123;11020218
12/05/2018;8385;438;8823;10794480;234561;11029041
13/05/2018;7476;469;7945;10801956;235030;11036986
14/05/2018;10559;204;10763;10812515;235234;11047749
15/05/2018;9242;298;9540;10821757;235532;11057289
16/05/2018;12792;194;12986;10834549;235726;11070275
17/05/2018;13369;196;13565;10847918;235922;11083840
18/05/2018;11814;190;12004;10859732;236112;11095844
19/05/2018;9498;491;9989;10869230;236603;11105833
20/05/2018;8873;508;9381;10878103;237111;11115214
21/05/2018;11605;292;11897;10889708;237403;11127111
22/05/2018;12127;163;12290;10901835;237566;11139401
23/05/2018;12692;136;12828;10914527;237702;11152229
24/05/2018;13149;184;13333;10927676;237886;11165562
25/05/2018;7978;94;8072;10935654;237980;11173634
26/05/2018;9442;417;9859;10945096;238397;11183493
27/05/2018;9893;390;10283;10954989;238787;11193776
28/05/2018;6334;96;6430;10961323;238883;11200206
29/05/2018;9451;96;9547;10970774;238979;11209753
30/05/2018;11388;123;11511;10982162;239102;11221264
31/05/2018;13144;174;13318;10995306;239276;11234582
1/06/2018;13170;213;13383;11008476;239489;11247965
2/06/2018;7232;401;7633;11015708;239890;11255598
3/06/2018;9155;392;9547;11024863;240282;11265145
4/06/2018;12073;201;12274;11036936;240483;11277419
5/06/2018;12522;110;12632;11049458;240593;11290051
6/06/2018;11128;71;11199;11060586;240664;11301250
7/06/2018;13616;202;13818;11074202;240866;11315068
8/06/2018;7925;86;8011;11082127;240952;11323079
9/06/2018;8789;394;9183;11090916;241346;11332262
10/06/2018;7918;330;8248;11098834;241676;11340510
11/06/2018;11569;175;11744;11110403;241851;11352254
12/06/2018;12879;162;13041;11123282;242013;11365295
13/06/2018;13546;188;13734;11136828;242201;11379029
14/06/2018;13361;172;13533;11150189;242373;11392562
15/06/2018;13162;204;13366;11163351;242577;11405928
16/06/2018;9464;331;9795;11172815;242908;11415723
17/06/2018;8600;367;8967;11181415;243275;11424690
18/06/2018;12577;192;12769;11193992;243467;11437459
19/06/2018;13814;145;13959;11207806;243612;11451418
20/06/2018;14345;164;14509;11222151;243776;11465927
21/06/2018;14468;173;14641;11236619;243949;11480568
22/06/2018;13590;227;13817;11250209;244176;11494385
23/06/2018;9211;429;9640;11259420;244605;11504025
24/06/2018;8522;323;8845;11267942;244928;11512870
25/06/2018;13282;216;13498;11281224;245144;11526368
26/06/2018;13806;173;13979;11295030;245317;11540347
27/06/2018;14537;204;14741;11309567;245521;11555088
28/06/2018;14560;206;14766;11324127;245727;11569854
29/06/2018;13491;257;13748;11337618;245984;11583602
30/06/2018;9171;298;9469;11346789;246282;11593071
1/07/2018;8537;297;8834;11355326;246579;11601905
2/07/2018;12801;150;12951;11368127;246729;11614856
3/07/2018;13934;141;14075;11382061;246870;11628931
4/07/2018;13864;162;14026;11395925;247032;11642957
5/07/2018;13755;154;13909;11409680;247186;11656866
6/07/2018;12452;189;12641;11422132;247375;11669507
7/07/2018;8316;303;8619;11430448;247678;11678126
8/07/2018;7676;348;8024;11438124;248026;11686150
9/07/2018;12414;257;12671;11450538;248283;11698821
10/07/2018;13472;188;13660;11464010;248471;11712481
11/07/2018;13513;195;13708;11477523;248666;11726189
12/07/2018;13578;193;13771;11491101;248859;11739960
13/07/2018;12270;265;12535;11503371;249124;11752495
14/07/2018;8015;364;8379;11511386;249488;11760874
15/07/2018;7664;366;8030;11519050;249854;11768904
16/07/2018;11787;176;11963;11530837;250030;11780867
17/07/2018;12966;214;13180;11543803;250244;11794047
18/07/2018;13516;224;13740;11557319;250468;11807787
19/07/2018;13442;184;13626;11570761;250652;11821413
20/07/2018;12069;192;12261;11582830;250844;11833674
21/07/2018;7807;338;8145;11590637;251182;11841819
22/07/2018;7009;440;7449;11597646;251622;11849268
23/07/2018;11607;238;11845;11609253;251860;11861113
24/07/2018;12377;197;12574;11621630;252057;11873687
25/07/2018;12501;173;12674;11634131;252230;11886361
26/07/2018;12465;190;12655;11646596;252420;11899016
27/07/2018;11318;248;11566;11657914;252668;11910582
28/07/2018;7855;371;8226;11665769;253039;11918808
29/07/2018;7627;379;8006;11673396;253418;11926814
30/07/2018;11655;217;11872;11685051;253635;11938686
31/07/2018;12410;287;12697;11697461;253922;11951383
1/08/2018;12219;272;12491;11709680;254194;11963874
2/08/2018;11526;202;11728;11721206;254396;11975602
3/08/2018;10073;131;10204;11731279;254527;11985806
4/08/2018;6486;277;6763;11737765;254804;11992569
5/08/2018;6272;322;6594;11744037;255126;11999163
6/08/2018;9057;208;9265;11753094;255334;12008428
7/08/2018;10022;133;10155;11763116;255467;12018583
8/08/2018;10016;242;10258;11773132;255709;12028841
9/08/2018;10077;245;10322;11783209;255954;12039163
10/08/2018;8756;252;9008;11791965;256206;12048171
11/08/2018;6099;380;6479;11798064;256586;12054650
12/08/2018;5868;398;6266;11803932;256984;12060916
13/08/2018;8280;281;8561;11812212;257265;12069477
14/08/2018;8894;268;9162;11821106;257533;12078639
15/08/2018;6763;308;7071;11827869;257841;12085710
16/08/2018;8753;230;8983;11836622;258071;12094693
17/08/2018;7982;194;8176;11844604;258265;12102869
18/08/2018;5854;263;6117;11850458;258528;12108986
19/08/2018;5885;430;6315;11856343;258958;12115301
20/08/2018;9293;237;9530;11865636;259195;12124831
21/08/2018;9915;213;10128;11875551;259408;12134959
22/08/2018;10570;151;10721;11886121;259559;12145680
23/08/2018;10814;178;10992;11896935;259737;12156672
24/08/2018;10008;231;10239;11906943;259968;12166911
25/08/2018;7163;351;7514;11914106;260319;12174425
26/08/2018;6969;375;7344;11921075;260694;12181769
27/08/2018;11098;253;11351;11932173;260947;12193120
28/08/2018;12003;278;12281;11944176;261225;12205401
29/08/2018;12578;255;12833;11956754;261480;12218234
30/08/2018;12835;245;13080;11969589;261725;12231314
31/08/2018;12490;164;12654;11982079;261889;12243968
1/09/2018;9428;286;9714;11991507;262175;12253682
2/09/2018;8969;357;9326;12000476;262532;12263008
3/09/2018;13417;181;13598;12013893;262713;12276606
4/09/2018;14742;183;14925;12028635;262896;12291531
5/09/2018;14994;151;15145;12043629;263047;12306676
6/09/2018;15331;147;15478;12058960;263194;12322154
7/09/2018;13466;175;13641;12072426;263369;12335795
8/09/2018;8424;194;8618;12080850;263563;12344413
9/09/2018;9783;520;10303;12090633;264083;12354716
10/09/2018;14447;218;14665;12105080;264301;12369381
11/09/2018;15521;160;15681;12120601;264461;12385062
12/09/2018;16127;149;16276;12136728;264610;12401338
13/09/2018;16189;196;16385;12152917;264806;12417723
14/09/2018;15738;257;15995;12168655;265063;12433718
15/09/2018;11122;403;11525;12179777;265466;12445243
16/09/2018;10693;449;11142;12190470;265915;12456385
17/09/2018;14316;208;14524;12204786;266123;12470909
18/09/2018;15149;120;15269;12219935;266243;12486178
19/09/2018;16313;140;16453;12236248;266383;12502631
20/09/2018;16529;203;16732;12252777;266586;12519363
21/09/2018;15600;205;15805;12268377;266791;12535168
22/09/2018;11423;399;11822;12279800;267190;12546990
23/09/2018;11100;441;11541;12290900;267631;12558531
24/09/2018;14572;201;14773;12305472;267832;12573304
25/09/2018;15671;161;15832;12321143;267993;12589136
26/09/2018;15131;145;15276;12336274;268138;12604412
27/09/2018;16024;167;16191;12352298;268305;12620603
28/09/2018;15531;192;15723;12367829;268497;12636326
29/09/2018;11742;401;12143;12379571;268898;12648469
30/09/2018;10948;415;11363;12390519;269313;12659832
1/10/2018;14116;284;14400;12404635;269597;12674232
2/10/2018;14888;135;15023;12419523;269732;12689255
3/10/2018;15777;143;15920;12435300;269875;12705175
4/10/2018;15600;148;15748;12450900;270023;12720923
5/10/2018;15106;192;15298;12466006;270215;12736221
6/10/2018;11792;368;12160;12477798;270583;12748381
7/10/2018;9864;348;10212;12487662;270931;12758593
8/10/2018;13326;119;13445;12500988;271050;12772038
9/10/2018;11608;85;11693;12512596;271135;12783731
10/10/2018;12457;47;12504;12525053;271182;12796235
11/10/2018;11746;57;11803;12536799;271239;12808038
12/10/2018;7850;191;8041;12544649;271430;12816079
13/10/2018;8993;393;9386;12553642;271823;12825465
14/10/2018;6887;199;7086;12560529;272022;12832551
15/10/2018;10699;63;10762;12571228;272085;12843313
16/10/2018;13630;80;13710;12584858;272165;12857023
17/10/2018;14430;98;14528;12599288;272263;12871551
18/10/2018;12791;102;12893;12612079;272365;12884444
19/10/2018;7216;68;7284;12619295;272433;12891728
20/10/2018;8357;248;8605;12627652;272681;12900333
21/10/2018;8955;242;9197;12636607;272923;12909530
22/10/2018;13226;127;13353;12649833;273050;12922883
23/10/2018;14081;136;14217;12663914;273186;12937100
24/10/2018;14240;102;14342;12678154;273288;12951442
25/10/2018;14618;150;14768;12692772;273438;12966210
26/10/2018;11387;126;11513;12704159;273564;12977723
27/10/2018;6619;81;6700;12710778;273645;12984423
28/10/2018;6796;161;6957;12717574;273806;12991380
29/10/2018;10216;64;10280;12727790;273870;13001660
30/10/2018;5125;8;5133;12732915;273878;13006793
31/10/2018;10451;40;10491;12743366;273918;13017284
1/11/2018;7812;225;8037;12751178;274143;13025321
2/11/2018;9846;253;10099;12761024;274396;13035420
3/11/2018;8019;252;8271;12769043;274648;13043691
4/11/2018;7271;247;7518;12776314;274895;13051209
5/11/2018;6401;33;6434;12782715;274928;13057643
6/11/2018;10699;79;10778;12793414;275007;13068421
7/11/2018;7897;27;7924;12801311;275034;13076345
8/11/2018;8733;24;8757;12810044;275058;13085102
9/11/2018;6992;109;7101;12817036;275167;13092203
10/11/2018;6285;109;6394;12823321;275276;13098597
11/11/2018;6781;189;6970;12830102;275465;13105567
12/11/2018;9717;20;9737;12839819;275485;13115304
13/11/2018;12299;82;12381;12852118;275567;13127685
14/11/2018;12163;71;12234;12864281;275638;13139919
15/11/2018;11935;48;11983;12876216;275686;13151902
16/11/2018;11105;97;11202;12887321;275783;13163104
17/11/2018;9448;311;9759;12896769;276094;13172863
18/11/2018;5322;103;5425;12902091;276197;13178288
19/11/2018;9875;68;9943;12911966;276265;13188231
20/11/2018;9104;27;9131;12921070;276292;13197362
21/11/2018;10042;29;10071;12931112;276321;13207433
22/11/2018;11236;20;11256;12942348;276341;13218689
23/11/2018;10833;79;10912;12953181;276420;13229601
24/11/2018;7634;168;7802;12960815;276588;13237403
25/11/2018;6042;131;6173;12966857;276719;13243576
26/11/2018;9876;61;9937;12976733;276780;13253513
27/11/2018;10954;41;10995;12987687;276821;13264508
28/11/2018;10987;31;11018;12998674;276852;13275526
29/11/2018;10564;40;10604;13009238;276892;13286130
30/11/2018;10879;59;10938;13020117;276951;13297068
1/12/2018;8488;184;8672;13028605;277135;13305740
2/12/2018;6940;107;7047;13035545;277242;13312787
3/12/2018;9440;41;9481;13044985;277283;13322268
4/12/2018;11224;44;11268;13056209;277327;13333536
5/12/2018;11522;46;11568;13067731;277373;13345104
6/12/2018;7409;120;7529;13075140;277493;13352633
7/12/2018;8305;139;8444;13083445;277632;13361077
8/12/2018;6798;305;7103;13090243;277937;13368180
9/12/2018;7009;251;7260;13097252;278188;13375440
10/12/2018;10267;90;10357;13107519;278278;13385797
11/12/2018;11084;86;11170;13118603;278364;13396967
12/12/2018;11089;83;11172;13129692;278447;13408139
13/12/2018;7909;19;7928;13137601;278466;13416067
14/12/2018;10968;56;11024;13148569;278522;13427091
15/12/2018;8427;102;8529;13156996;278624;13435620
16/12/2018;6816;85;6901;13163812;278709;13442521
17/12/2018;10159;62;10221;13173971;278771;13452742
18/12/2018;10126;56;10182;13184097;278827;13462924
19/12/2018;10440;82;10522;13194537;278909;13473446
20/12/2018;11020;47;11067;13205557;278956;13484513
21/12/2018;10063;69;10132;13215620;279025;13494645
22/12/2018;6521;63;6584;13222141;279088;13501229
23/12/2018;5046;132;5178;13227187;279220;13506407
24/12/2018;4364;96;4460;13231551;279316;13510867
25/12/2018;2873;152;3025;13234424;279468;13513892
26/12/2018;6496;124;6620;13240920;279592;13520512
27/12/2018;7282;151;7433;13248202;279743;13527945
28/12/2018;7386;256;7642;13255588;279999;13535587
29/12/2018;5584;250;5834;13261172;280249;13541421
30/12/2018;5114;301;5415;13266286;280550;13546836
31/12/2018;4718;283;5001;13271004;280833;13551837
