,fecha,anual,ocasional,total,acumulado_anual,acumulado_ocasional,acumulado_total,ano,mes,estacion,dia_semana
0,2014-06-23,17,79,96,17,79,96,2014,6,Verano,1 - Lunes
1,2014-06-24,24,48,72,41,127,168,2014,6,Verano,2 - Martes
2,2014-06-25,105,14,119,146,141,287,2014,6,Verano,3 - Miércoles
3,2014-06-26,120,15,135,266,156,422,2014,6,Verano,4 - Jueves
4,2014-06-27,131,18,149,397,174,571,2014,6,Verano,5 - Viernes
5,2014-06-28,101,18,119,498,192,690,2014,6,Verano,6 - Sabádo
6,2014-06-29,107,33,140,605,225,830,2014,6,Verano,7 - Domingo
7,2014-06-30,121,16,137,726,241,967,2014,6,Verano,1 - Lunes
8,2014-07-01,124,6,130,850,247,1097,2014,7,Verano,2 - Martes
9,2014-07-02,128,2,130,978,249,1227,2014,7,Verano,3 - Miércoles
10,2014-07-03,85,7,92,1063,256,1319,2014,7,Verano,4 - Jueves
11,2014-07-04,121,4,125,1184,260,1444,2014,7,Verano,5 - Viernes
12,2014-07-05,783,3,786,1967,263,2230,2014,7,Verano,6 - Sabádo
13,2014-07-06,1230,5,1235,3197,268,3465,2014,7,Verano,7 - Domingo
14,2014-07-07,1324,3,1327,4521,271,4792,2014,7,Verano,1 - Lunes
15,2014-07-08,1774,6,1780,6295,277,6572,2014,7,Verano,2 - Martes
16,2014-07-09,1874,8,1882,8169,285,8454,2014,7,Verano,3 - Miércoles
17,2014-07-10,2266,7,2273,10435,292,10727,2014,7,Verano,4 - Jueves
18,2014-07-11,2212,2,2214,12647,294,12941,2014,7,Verano,5 - Viernes
19,2014-07-12,1949,4,1953,14596,298,14894,2014,7,Verano,6 - Sabádo
20,2014-07-13,1790,2,1792,16386,300,16686,2014,7,Verano,7 - Domingo
21,2014-07-14,2311,3,2314,18697,303,19000,2014,7,Verano,1 - Lunes
22,2014-07-15,2537,2,2539,21234,305,21539,2014,7,Verano,2 - Martes
23,2014-07-16,2673,7,2680,23907,312,24219,2014,7,Verano,3 - Miércoles
24,2014-07-17,2651,8,2659,26558,320,26878,2014,7,Verano,4 - Jueves
25,2014-07-18,2547,5,2552,29105,325,29430,2014,7,Verano,5 - Viernes
26,2014-07-19,2359,2,2361,31464,327,31791,2014,7,Verano,6 - Sabádo
27,2014-07-20,2371,2,2373,33835,329,34164,2014,7,Verano,7 - Domingo
28,2014-07-21,2676,3,2679,36511,332,36843,2014,7,Verano,1 - Lunes
29,2014-07-22,2935,4,2939,39446,336,39782,2014,7,Verano,2 - Martes
30,2014-07-23,2927,5,2932,42373,341,42714,2014,7,Verano,3 - Miércoles
31,2014-07-24,3204,9,3213,45577,350,45927,2014,7,Verano,4 - Jueves
32,2014-07-25,3084,2,3086,48661,352,49013,2014,7,Verano,5 - Viernes
33,2014-07-26,2467,0,2467,51128,352,51480,2014,7,Verano,6 - Sabádo
34,2014-07-27,2321,0,2321,53449,352,53801,2014,7,Verano,7 - Domingo
35,2014-07-28,2894,4,2898,56343,356,56699,2014,7,Verano,1 - Lunes
36,2014-07-29,3168,3,3171,59511,359,59870,2014,7,Verano,2 - Martes
37,2014-07-30,3236,5,3241,62747,364,63111,2014,7,Verano,3 - Miércoles
38,2014-07-31,3365,5,3370,66112,369,66481,2014,7,Verano,4 - Jueves
39,2014-08-01,3048,6,3054,69160,375,69535,2014,8,Verano,5 - Viernes
40,2014-08-02,2532,1,2533,71692,376,72068,2014,8,Verano,6 - Sabádo
41,2014-08-03,2624,0,2624,74316,376,74692,2014,8,Verano,7 - Domingo
42,2014-08-04,2813,4,2817,77129,380,77509,2014,8,Verano,1 - Lunes
43,2014-08-05,2830,6,2836,79959,386,80345,2014,8,Verano,2 - Martes
44,2014-08-06,3054,6,3060,83013,392,83405,2014,8,Verano,3 - Miércoles
45,2014-08-07,2967,5,2972,85980,397,86377,2014,8,Verano,4 - Jueves
46,2014-08-08,2907,9,2916,88887,406,89293,2014,8,Verano,5 - Viernes
47,2014-08-09,2582,0,2582,91469,406,91875,2014,8,Verano,6 - Sabádo
48,2014-08-10,2687,1,2688,94156,407,94563,2014,8,Verano,7 - Domingo
49,2014-08-11,2900,2,2902,97056,409,97465,2014,8,Verano,1 - Lunes
50,2014-08-12,3008,3,3011,100064,412,100476,2014,8,Verano,2 - Martes
51,2014-08-13,3102,9,3111,103166,421,103587,2014,8,Verano,3 - Miércoles
52,2014-08-14,2791,3,2794,105957,424,106381,2014,8,Verano,4 - Jueves
53,2014-08-15,2392,0,2392,108349,424,108773,2014,8,Verano,5 - Viernes
54,2014-08-16,2254,0,2254,110603,424,111027,2014,8,Verano,6 - Sabádo
55,2014-08-17,2444,3,2447,113047,427,113474,2014,8,Verano,7 - Domingo
56,2014-08-18,2945,5,2950,115992,432,116424,2014,8,Verano,1 - Lunes
57,2014-08-19,3155,5,3160,119147,437,119584,2014,8,Verano,2 - Martes
58,2014-08-20,3358,0,3358,122505,437,122942,2014,8,Verano,3 - Miércoles
59,2014-08-21,3678,4,3682,126183,441,126624,2014,8,Verano,4 - Jueves
60,2014-08-22,3419,0,3419,129602,441,130043,2014,8,Verano,5 - Viernes
61,2014-08-23,3158,0,3158,132760,441,133201,2014,8,Verano,6 - Sabádo
62,2014-08-24,3421,1,3422,136181,442,136623,2014,8,Verano,7 - Domingo
63,2014-08-25,3556,3,3559,139737,445,140182,2014,8,Verano,1 - Lunes
64,2014-08-26,3991,1,3992,143728,446,144174,2014,8,Verano,2 - Martes
65,2014-08-27,4007,2,4009,147735,448,148183,2014,8,Verano,3 - Miércoles
66,2014-08-28,4125,6,4131,151860,454,152314,2014,8,Verano,4 - Jueves
67,2014-08-29,4255,5,4260,156115,459,156574,2014,8,Verano,5 - Viernes
68,2014-08-30,4002,1,4003,160117,460,160577,2014,8,Verano,6 - Sabádo
69,2014-08-31,4323,0,4323,164440,460,164900,2014,8,Verano,7 - Domingo
70,2014-09-01,4292,7,4299,168732,467,169199,2014,9,Verano,1 - Lunes
71,2014-09-02,4608,8,4616,173340,475,173815,2014,9,Verano,2 - Martes
72,2014-09-03,5163,8,5171,178503,483,178986,2014,9,Verano,3 - Miércoles
73,2014-09-04,5334,5,5339,183837,488,184325,2014,9,Verano,4 - Jueves
74,2014-09-05,4957,1,4958,188794,489,189283,2014,9,Verano,5 - Viernes
75,2014-09-06,4791,1,4792,193585,490,194075,2014,9,Verano,6 - Sabádo
76,2014-09-07,4724,1,4725,198309,491,198800,2014,9,Verano,7 - Domingo
77,2014-09-08,4917,3,4920,203226,494,203720,2014,9,Verano,1 - Lunes
78,2014-09-09,5209,6,5215,208435,500,208935,2014,9,Verano,2 - Martes
79,2014-09-10,5297,0,5297,213732,500,214232,2014,9,Verano,3 - Miércoles
80,2014-09-11,5246,7,5253,218978,507,219485,2014,9,Verano,4 - Jueves
81,2014-09-12,5339,1,5340,224317,508,224825,2014,9,Verano,5 - Viernes
82,2014-09-13,4827,0,4827,229144,508,229652,2014,9,Verano,6 - Sabádo
83,2014-09-14,4978,1,4979,234122,509,234631,2014,9,Verano,7 - Domingo
84,2014-09-15,5022,7,5029,239144,516,239660,2014,9,Verano,1 - Lunes
85,2014-09-16,5021,2,5023,244165,518,244683,2014,9,Verano,2 - Martes
86,2014-09-17,4739,1,4740,248904,519,249423,2014,9,Verano,3 - Miércoles
87,2014-09-18,4319,1,4320,253223,520,253743,2014,9,Verano,4 - Jueves
88,2014-09-19,4858,1,4859,258081,521,258602,2014,9,Verano,5 - Viernes
89,2014-09-20,5028,2,5030,263109,523,263632,2014,9,Verano,6 - Sabádo
90,2014-09-21,4955,0,4955,268064,523,268587,2014,9,Otoño,7 - Domingo
91,2014-09-22,4750,5,4755,272814,528,273342,2014,9,Otoño,1 - Lunes
92,2014-09-23,5403,2,5405,278217,530,278747,2014,9,Otoño,2 - Martes
93,2014-09-24,4867,1,4868,283084,531,283615,2014,9,Otoño,3 - Miércoles
94,2014-09-25,5904,2,5906,288988,533,289521,2014,9,Otoño,4 - Jueves
95,2014-09-26,5595,3,5598,294583,536,295119,2014,9,Otoño,5 - Viernes
96,2014-09-27,5083,0,5083,299666,536,300202,2014,9,Otoño,6 - Sabádo
97,2014-09-28,4008,1,4009,303674,537,304211,2014,9,Otoño,7 - Domingo
98,2014-09-29,4976,6,4982,308650,543,309193,2014,9,Otoño,1 - Lunes
99,2014-09-30,5616,4,5620,314266,547,314813,2014,9,Otoño,2 - Martes
100,2014-10-01,5894,5,5899,320160,552,320712,2014,10,Otoño,3 - Miércoles
101,2014-10-02,6050,0,6050,326210,552,326762,2014,10,Otoño,4 - Jueves
102,2014-10-03,6325,8,6333,332535,560,333095,2014,10,Otoño,5 - Viernes
103,2014-10-04,6017,0,6017,338552,560,339112,2014,10,Otoño,6 - Sabádo
104,2014-10-05,5720,0,5720,344272,560,344832,2014,10,Otoño,7 - Domingo
105,2014-10-06,5427,4,5431,349699,564,350263,2014,10,Otoño,1 - Lunes
106,2014-10-07,5751,2,5753,355450,566,356016,2014,10,Otoño,2 - Martes
107,2014-10-08,6037,10,6047,361487,576,362063,2014,10,Otoño,3 - Miércoles
108,2014-10-09,3697,3,3700,365184,579,365763,2014,10,Otoño,4 - Jueves
109,2014-10-10,4669,6,4675,369853,585,370438,2014,10,Otoño,5 - Viernes
110,2014-10-11,4292,0,4292,374145,585,374730,2014,10,Otoño,6 - Sabádo
111,2014-10-12,4625,3,4628,378770,588,379358,2014,10,Otoño,7 - Domingo
112,2014-10-13,4443,3,4446,383213,591,383804,2014,10,Otoño,1 - Lunes
113,2014-10-14,4009,0,4009,387222,591,387813,2014,10,Otoño,2 - Martes
114,2014-10-15,5513,3,5516,392735,594,393329,2014,10,Otoño,3 - Miércoles
115,2014-10-16,5946,2,5948,398681,596,399277,2014,10,Otoño,4 - Jueves
116,2014-10-17,6839,1,6840,405520,597,406117,2014,10,Otoño,5 - Viernes
117,2014-10-18,6265,1,6266,411785,598,412383,2014,10,Otoño,6 - Sabádo
118,2014-10-19,5941,1,5942,417726,599,418325,2014,10,Otoño,7 - Domingo
119,2014-10-20,5732,4,5736,423458,603,424061,2014,10,Otoño,1 - Lunes
120,2014-10-21,6145,0,6145,429603,603,430206,2014,10,Otoño,2 - Martes
121,2014-10-22,6309,0,6309,435912,603,436515,2014,10,Otoño,3 - Miércoles
122,2014-10-23,6321,1,6322,442233,604,442837,2014,10,Otoño,4 - Jueves
123,2014-10-24,6575,4,6579,448808,608,449416,2014,10,Otoño,5 - Viernes
124,2014-10-25,6209,1,6210,455017,609,455626,2014,10,Otoño,6 - Sabádo
125,2014-10-26,6004,1,6005,461021,610,461631,2014,10,Otoño,7 - Domingo
126,2014-10-27,5635,2,5637,466656,612,467268,2014,10,Otoño,1 - Lunes
127,2014-10-28,5873,4,5877,472529,616,473145,2014,10,Otoño,2 - Martes
128,2014-10-29,5967,0,5967,478496,616,479112,2014,10,Otoño,3 - Miércoles
129,2014-10-30,6099,0,6099,484595,616,485211,2014,10,Otoño,4 - Jueves
130,2014-10-31,6021,2,6023,490616,618,491234,2014,10,Otoño,5 - Viernes
131,2014-11-01,5219,0,5219,495835,618,496453,2014,11,Otoño,6 - Sabádo
132,2014-11-02,4170,0,4170,500005,618,500623,2014,11,Otoño,7 - Domingo
133,2014-11-03,3509,3,3512,503514,621,504135,2014,11,Otoño,1 - Lunes
134,2014-11-04,4361,2,4363,507875,623,508498,2014,11,Otoño,2 - Martes
135,2014-11-05,4998,2,5000,512873,625,513498,2014,11,Otoño,3 - Miércoles
136,2014-11-06,5057,1,5058,517930,626,518556,2014,11,Otoño,4 - Jueves
137,2014-11-07,4471,2,4473,522401,628,523029,2014,11,Otoño,5 - Viernes
138,2014-11-08,3629,1,3630,526030,629,526659,2014,11,Otoño,6 - Sabádo
139,2014-11-09,3453,1,3454,529483,630,530113,2014,11,Otoño,7 - Domingo
140,2014-11-10,3156,0,3156,532639,630,533269,2014,11,Otoño,1 - Lunes
141,2014-11-11,2578,4,2582,535217,634,535851,2014,11,Otoño,2 - Martes
142,2014-11-12,4628,8,4636,539845,642,540487,2014,11,Otoño,3 - Miércoles
143,2014-11-13,4003,3,4006,543848,645,544493,2014,11,Otoño,4 - Jueves
144,2014-11-14,3485,0,3485,547333,645,547978,2014,11,Otoño,5 - Viernes
145,2014-11-15,3737,0,3737,551070,645,551715,2014,11,Otoño,6 - Sabádo
146,2014-11-16,3786,0,3786,554856,645,555501,2014,11,Otoño,7 - Domingo
147,2014-11-17,3971,5,3976,558827,650,559477,2014,11,Otoño,1 - Lunes
148,2014-11-18,4086,1,4087,562913,651,563564,2014,11,Otoño,2 - Martes
149,2014-11-19,4578,2,4580,567491,653,568144,2014,11,Otoño,3 - Miércoles
150,2014-11-20,4878,2,4880,572369,655,573024,2014,11,Otoño,4 - Jueves
151,2014-11-21,5042,2,5044,577411,657,578068,2014,11,Otoño,5 - Viernes
152,2014-11-22,4560,4,4564,581971,661,582632,2014,11,Otoño,6 - Sabádo
153,2014-11-23,3629,2,3631,585600,663,586263,2014,11,Otoño,7 - Domingo
154,2014-11-24,4131,4,4135,589731,667,590398,2014,11,Otoño,1 - Lunes
155,2014-11-25,3753,0,3753,593484,667,594151,2014,11,Otoño,2 - Martes
156,2014-11-26,4462,5,4467,597946,672,598618,2014,11,Otoño,3 - Miércoles
157,2014-11-27,3260,0,3260,601206,672,601878,2014,11,Otoño,4 - Jueves
158,2014-11-28,2133,0,2133,603339,672,604011,2014,11,Otoño,5 - Viernes
159,2014-11-29,3137,30,3167,606476,702,607178,2014,11,Otoño,6 - Sabádo
160,2014-11-30,3703,57,3760,610179,759,610938,2014,11,Otoño,7 - Domingo
161,2014-12-01,4225,11,4236,614404,770,615174,2014,12,Otoño,1 - Lunes
162,2014-12-02,4573,7,4580,618977,777,619754,2014,12,Otoño,2 - Martes
163,2014-12-03,4350,4,4354,623327,781,624108,2014,12,Otoño,3 - Miércoles
164,2014-12-04,4546,9,4555,627873,790,628663,2014,12,Otoño,4 - Jueves
165,2014-12-05,4533,21,4554,632406,811,633217,2014,12,Otoño,5 - Viernes
166,2014-12-06,3114,45,3159,635520,856,636376,2014,12,Otoño,6 - Sabádo
167,2014-12-07,2986,85,3071,638506,941,639447,2014,12,Otoño,7 - Domingo
168,2014-12-08,3045,59,3104,641551,1000,642551,2014,12,Otoño,1 - Lunes
169,2014-12-09,3673,25,3698,645224,1025,646249,2014,12,Otoño,2 - Martes
170,2014-12-10,4189,14,4203,649413,1039,650452,2014,12,Otoño,3 - Miércoles
171,2014-12-11,4490,32,4522,653903,1071,654974,2014,12,Otoño,4 - Jueves
172,2014-12-12,4761,35,4796,658664,1106,659770,2014,12,Otoño,5 - Viernes
173,2014-12-13,2676,23,2699,661340,1129,662469,2014,12,Otoño,6 - Sabádo
174,2014-12-14,1740,2,1742,663080,1131,664211,2014,12,Otoño,7 - Domingo
175,2014-12-15,3960,19,3979,667040,1150,668190,2014,12,Otoño,1 - Lunes
176,2014-12-16,4378,31,4409,671418,1181,672599,2014,12,Otoño,2 - Martes
177,2014-12-17,4547,27,4574,675965,1208,677173,2014,12,Otoño,3 - Miércoles
178,2014-12-18,4828,25,4853,680793,1233,682026,2014,12,Otoño,4 - Jueves
179,2014-12-19,5126,47,5173,685919,1280,687199,2014,12,Otoño,5 - Viernes
180,2014-12-20,4454,99,4553,690373,1379,691752,2014,12,Otoño,6 - Sabádo
181,2014-12-21,4027,174,4201,694400,1553,695953,2014,12,Invierno,7 - Domingo
182,2014-12-22,3962,76,4038,698362,1629,699991,2014,12,Invierno,1 - Lunes
183,2014-12-23,3960,65,4025,702322,1694,704016,2014,12,Invierno,2 - Martes
184,2014-12-24,2765,62,2827,705087,1756,706843,2014,12,Invierno,3 - Miércoles
185,2014-12-25,2073,145,2218,707160,1901,709061,2014,12,Invierno,4 - Jueves
186,2014-12-26,3171,138,3309,710331,2039,712370,2014,12,Invierno,5 - Viernes
187,2014-12-27,3079,157,3236,713410,2196,715606,2014,12,Invierno,6 - Sabádo
188,2014-12-28,2471,107,2578,715881,2303,718184,2014,12,Invierno,7 - Domingo
189,2014-12-29,3060,87,3147,718941,2390,721331,2014,12,Invierno,1 - Lunes
190,2014-12-30,3262,94,3356,722203,2484,724687,2014,12,Invierno,2 - Martes
191,2014-12-31,2609,133,2742,724812,2617,727429,2014,12,Invierno,3 - Miércoles
192,2015-01-01,2018,149,2167,726830,2766,729596,2015,1,Invierno,4 - Jueves
193,2015-01-02,2880,153,3033,729710,2919,732629,2015,1,Invierno,5 - Viernes
194,2015-01-03,3187,170,3357,732897,3089,735986,2015,1,Invierno,6 - Sabádo
195,2015-01-04,3296,154,3450,736193,3243,739436,2015,1,Invierno,7 - Domingo
196,2015-01-05,4039,117,4156,740232,3360,743592,2015,1,Invierno,1 - Lunes
197,2015-01-06,2651,115,2766,742883,3475,746358,2015,1,Invierno,2 - Martes
198,2015-01-07,3821,58,3879,746704,3533,750237,2015,1,Invierno,3 - Miércoles
199,2015-01-08,4333,60,4393,751037,3593,754630,2015,1,Invierno,4 - Jueves
200,2015-01-09,4832,86,4918,755869,3679,759548,2015,1,Invierno,5 - Viernes
201,2015-01-10,4494,94,4588,760363,3773,764136,2015,1,Invierno,6 - Sabádo
202,2015-01-11,4209,141,4350,764572,3914,768486,2015,1,Invierno,7 - Domingo
203,2015-01-12,4241,44,4285,768813,3958,772771,2015,1,Invierno,1 - Lunes
204,2015-01-13,4365,34,4399,773178,3992,777170,2015,1,Invierno,2 - Martes
205,2015-01-14,4319,23,4342,777497,4015,781512,2015,1,Invierno,3 - Miércoles
206,2015-01-15,3637,26,3663,781134,4041,785175,2015,1,Invierno,4 - Jueves
207,2015-01-16,4236,18,4254,785370,4059,789429,2015,1,Invierno,5 - Viernes
208,2015-01-17,3930,111,4041,789300,4170,793470,2015,1,Invierno,6 - Sabádo
209,2015-01-18,2323,49,2372,791623,4219,795842,2015,1,Invierno,7 - Domingo
210,2015-01-19,3309,22,3331,794932,4241,799173,2015,1,Invierno,1 - Lunes
211,2015-01-20,3698,12,3710,798630,4253,802883,2015,1,Invierno,2 - Martes
212,2015-01-21,3473,27,3500,802103,4280,806383,2015,1,Invierno,3 - Miércoles
213,2015-01-22,4202,20,4222,806305,4300,810605,2015,1,Invierno,4 - Jueves
214,2015-01-23,4601,26,4627,810906,4326,815232,2015,1,Invierno,5 - Viernes
215,2015-01-24,4473,107,4580,815379,4433,819812,2015,1,Invierno,6 - Sabádo
216,2015-01-25,4085,150,4235,819464,4583,824047,2015,1,Invierno,7 - Domingo
217,2015-01-26,4172,59,4231,823636,4642,828278,2015,1,Invierno,1 - Lunes
218,2015-01-27,4451,28,4479,828087,4670,832757,2015,1,Invierno,2 - Martes
219,2015-01-28,4911,38,4949,832998,4708,837706,2015,1,Invierno,3 - Miércoles
220,2015-01-29,4745,21,4766,837743,4729,842472,2015,1,Invierno,4 - Jueves
221,2015-01-30,3938,33,3971,841681,4762,846443,2015,1,Invierno,5 - Viernes
222,2015-01-31,3831,60,3891,845512,4822,850334,2015,1,Invierno,6 - Sabádo
223,2015-02-01,3487,125,3612,848999,4947,853946,2015,2,Invierno,7 - Domingo
224,2015-02-02,2786,14,2800,851785,4961,856746,2015,2,Invierno,1 - Lunes
225,2015-02-03,3182,51,3233,854967,5012,859979,2015,2,Invierno,2 - Martes
226,2015-02-04,3805,25,3830,858772,5037,863809,2015,2,Invierno,3 - Miércoles
227,2015-02-05,3943,16,3959,862715,5053,867768,2015,2,Invierno,4 - Jueves
228,2015-02-06,4249,27,4276,866964,5080,872044,2015,2,Invierno,5 - Viernes
229,2015-02-07,3452,45,3497,870416,5125,875541,2015,2,Invierno,6 - Sabádo
230,2015-02-08,3660,98,3758,874076,5223,879299,2015,2,Invierno,7 - Domingo
231,2015-02-09,4023,30,4053,878099,5253,883352,2015,2,Invierno,1 - Lunes
232,2015-02-10,4402,11,4413,882501,5264,887765,2015,2,Invierno,2 - Martes
233,2015-02-11,4411,25,4436,886912,5289,892201,2015,2,Invierno,3 - Miércoles
234,2015-02-12,4942,39,4981,891854,5328,897182,2015,2,Invierno,4 - Jueves
235,2015-02-13,5015,67,5082,896869,5395,902264,2015,2,Invierno,5 - Viernes
236,2015-02-14,4139,153,4292,901008,5548,906556,2015,2,Invierno,6 - Sabádo
237,2015-02-15,3800,189,3989,904808,5737,910545,2015,2,Invierno,7 - Domingo
238,2015-02-16,4502,98,4600,909310,5835,915145,2015,2,Invierno,1 - Lunes
239,2015-02-17,4564,67,4631,913874,5902,919776,2015,2,Invierno,2 - Martes
240,2015-02-18,4770,42,4812,918644,5944,924588,2015,2,Invierno,3 - Miércoles
241,2015-02-19,5034,44,5078,923678,5988,929666,2015,2,Invierno,4 - Jueves
242,2015-02-20,4988,64,5052,928666,6052,934718,2015,2,Invierno,5 - Viernes
243,2015-02-21,4259,176,4435,932925,6228,939153,2015,2,Invierno,6 - Sabádo
244,2015-02-22,4537,233,4770,937462,6461,943923,2015,2,Invierno,7 - Domingo
245,2015-02-23,4514,77,4591,941976,6538,948514,2015,2,Invierno,1 - Lunes
246,2015-02-24,4608,31,4639,946584,6569,953153,2015,2,Invierno,2 - Martes
247,2015-02-25,5067,47,5114,951651,6616,958267,2015,2,Invierno,3 - Miércoles
248,2015-02-26,5442,65,5507,957093,6681,963774,2015,2,Invierno,4 - Jueves
249,2015-02-27,5906,115,6021,962999,6796,969795,2015,2,Invierno,5 - Viernes
250,2015-02-28,5491,273,5764,968490,7069,975559,2015,2,Invierno,6 - Sabádo
251,2015-03-01,5548,305,5853,974038,7374,981412,2015,3,Invierno,7 - Domingo
252,2015-03-02,5017,92,5109,979055,7466,986521,2015,3,Invierno,1 - Lunes
253,2015-03-03,5289,70,5359,984344,7536,991880,2015,3,Invierno,2 - Martes
254,2015-03-04,5353,51,5404,989697,7587,997284,2015,3,Invierno,3 - Miércoles
255,2015-03-05,5511,27,5538,995208,7614,1002822,2015,3,Invierno,4 - Jueves
256,2015-03-06,6177,71,6248,1001385,7685,1009070,2015,3,Invierno,5 - Viernes
257,2015-03-07,6461,326,6787,1007846,8011,1015857,2015,3,Invierno,6 - Sabádo
258,2015-03-08,6235,482,6717,1014081,8493,1022574,2015,3,Invierno,7 - Domingo
259,2015-03-09,5635,85,5720,1019716,8578,1028294,2015,3,Invierno,1 - Lunes
260,2015-03-10,6264,111,6375,1025980,8689,1034669,2015,3,Invierno,2 - Martes
261,2015-03-11,6516,111,6627,1032496,8800,1041296,2015,3,Invierno,3 - Miércoles
262,2015-03-12,6570,123,6693,1039066,8923,1047989,2015,3,Invierno,4 - Jueves
263,2015-03-13,6749,139,6888,1045815,9062,1054877,2015,3,Invierno,5 - Viernes
264,2015-03-14,5793,267,6060,1051608,9329,1060937,2015,3,Invierno,6 - Sabádo
265,2015-03-15,4521,173,4694,1056129,9502,1065631,2015,3,Invierno,7 - Domingo
266,2015-03-16,5037,46,5083,1061166,9548,1070714,2015,3,Invierno,1 - Lunes
267,2015-03-17,5413,65,5478,1066579,9613,1076192,2015,3,Invierno,2 - Martes
268,2015-03-18,3305,20,3325,1069884,9633,1079517,2015,3,Invierno,3 - Miércoles
269,2015-03-19,3953,59,4012,1073837,9692,1083529,2015,3,Invierno,4 - Jueves
270,2015-03-20,3911,58,3969,1077748,9750,1087498,2015,3,Invierno,5 - Viernes
271,2015-03-21,3128,84,3212,1080876,9834,1090710,2015,3,Primavera,6 - Sabádo
272,2015-03-22,3619,118,3737,1084495,9952,1094447,2015,3,Primavera,7 - Domingo
273,2015-03-23,1853,16,1869,1086348,9968,1096316,2015,3,Primavera,1 - Lunes
274,2015-03-24,5191,33,5224,1091539,10001,1101540,2015,3,Primavera,2 - Martes
275,2015-03-25,5312,51,5363,1096851,10052,1106903,2015,3,Primavera,3 - Miércoles
276,2015-03-26,6068,96,6164,1102919,10148,1113067,2015,3,Primavera,4 - Jueves
277,2015-03-27,7219,208,7427,1110138,10356,1120494,2015,3,Primavera,5 - Viernes
278,2015-03-28,6947,563,7510,1117085,10919,1128004,2015,3,Primavera,6 - Sabádo
279,2015-03-29,6352,472,6824,1123437,11391,1134828,2015,3,Primavera,7 - Domingo
280,2015-03-30,6078,234,6312,1129515,11625,1141140,2015,3,Primavera,1 - Lunes
281,2015-03-31,6252,199,6451,1135767,11824,1147591,2015,3,Primavera,2 - Martes
282,2015-04-01,5620,222,5842,1141387,12046,1153433,2015,4,Primavera,3 - Miércoles
283,2015-04-02,4263,445,4708,1145650,12491,1158141,2015,4,Primavera,4 - Jueves
284,2015-04-03,4098,620,4718,1149748,13111,1162859,2015,4,Primavera,5 - Viernes
285,2015-04-04,4535,624,5159,1154283,13735,1168018,2015,4,Primavera,6 - Sabádo
286,2015-04-05,5365,696,6061,1159648,14431,1174079,2015,4,Primavera,7 - Domingo
287,2015-04-06,6218,316,6534,1165866,14747,1180613,2015,4,Primavera,1 - Lunes
288,2015-04-07,6651,144,6795,1172517,14891,1187408,2015,4,Primavera,2 - Martes
289,2015-04-08,6225,130,6355,1178742,15021,1193763,2015,4,Primavera,3 - Miércoles
290,2015-04-09,4384,39,4423,1183126,15060,1198186,2015,4,Primavera,4 - Jueves
291,2015-04-10,7065,105,7170,1190191,15165,1205356,2015,4,Primavera,5 - Viernes
292,2015-04-11,7365,313,7678,1197556,15478,1213034,2015,4,Primavera,6 - Sabádo
293,2015-04-12,7046,395,7441,1204602,15873,1220475,2015,4,Primavera,7 - Domingo
294,2015-04-13,6609,131,6740,1211211,16004,1227215,2015,4,Primavera,1 - Lunes
295,2015-04-14,7441,124,7565,1218652,16128,1234780,2015,4,Primavera,2 - Martes
296,2015-04-15,6341,60,6401,1224993,16188,1241181,2015,4,Primavera,3 - Miércoles
297,2015-04-16,6885,59,6944,1231878,16247,1248125,2015,4,Primavera,4 - Jueves
298,2015-04-17,8056,129,8185,1239934,16376,1256310,2015,4,Primavera,5 - Viernes
299,2015-04-18,7429,333,7762,1247363,16709,1264072,2015,4,Primavera,6 - Sabádo
300,2015-04-19,6794,542,7336,1254157,17251,1271408,2015,4,Primavera,7 - Domingo
301,2015-04-20,6822,177,6999,1260979,17428,1278407,2015,4,Primavera,1 - Lunes
302,2015-04-21,7298,132,7430,1268277,17560,1285837,2015,4,Primavera,2 - Martes
303,2015-04-22,7899,138,8037,1276176,17698,1293874,2015,4,Primavera,3 - Miércoles
304,2015-04-23,8572,159,8731,1284748,17857,1302605,2015,4,Primavera,4 - Jueves
305,2015-04-24,8637,244,8881,1293385,18101,1311486,2015,4,Primavera,5 - Viernes
306,2015-04-25,7266,448,7714,1300651,18549,1319200,2015,4,Primavera,6 - Sabádo
307,2015-04-26,3364,104,3468,1304015,18653,1322668,2015,4,Primavera,7 - Domingo
308,2015-04-27,6192,78,6270,1310207,18731,1328938,2015,4,Primavera,1 - Lunes
309,2015-04-28,7553,103,7656,1317760,18834,1336594,2015,4,Primavera,2 - Martes
310,2015-04-29,8312,130,8442,1326072,18964,1345036,2015,4,Primavera,3 - Miércoles
311,2015-04-30,8368,178,8546,1334440,19142,1353582,2015,4,Primavera,4 - Jueves
312,2015-05-01,6917,587,7504,1341357,19729,1361086,2015,5,Primavera,5 - Viernes
313,2015-05-02,6746,732,7478,1348103,20461,1368564,2015,5,Primavera,6 - Sabádo
314,2015-05-03,6137,529,6666,1354240,20990,1375230,2015,5,Primavera,7 - Domingo
315,2015-05-04,7055,187,7242,1361295,21177,1382472,2015,5,Primavera,1 - Lunes
316,2015-05-05,7811,112,7923,1369106,21289,1390395,2015,5,Primavera,2 - Martes
317,2015-05-06,8405,149,8554,1377511,21438,1398949,2015,5,Primavera,3 - Miércoles
318,2015-05-07,8910,130,9040,1386421,21568,1407989,2015,5,Primavera,4 - Jueves
319,2015-05-08,9495,230,9725,1395916,21798,1417714,2015,5,Primavera,5 - Viernes
320,2015-05-09,9138,558,9696,1405054,22356,1427410,2015,5,Primavera,6 - Sabádo
321,2015-05-10,8998,652,9650,1414052,23008,1437060,2015,5,Primavera,7 - Domingo
322,2015-05-11,8151,169,8320,1422203,23177,1445380,2015,5,Primavera,1 - Lunes
323,2015-05-12,8899,144,9043,1431102,23321,1454423,2015,5,Primavera,2 - Martes
324,2015-05-13,9145,138,9283,1440247,23459,1463706,2015,5,Primavera,3 - Miércoles
325,2015-05-14,9372,213,9585,1449619,23672,1473291,2015,5,Primavera,4 - Jueves
326,2015-05-15,7711,483,8194,1457330,24155,1481485,2015,5,Primavera,5 - Viernes
327,2015-05-16,7979,633,8612,1465309,24788,1490097,2015,5,Primavera,6 - Sabádo
328,2015-05-17,7696,644,8340,1473005,25432,1498437,2015,5,Primavera,7 - Domingo
329,2015-05-18,8541,240,8781,1481546,25672,1507218,2015,5,Primavera,1 - Lunes
330,2015-05-19,8514,153,8667,1490060,25825,1515885,2015,5,Primavera,2 - Martes
331,2015-05-20,8772,128,8900,1498832,25953,1524785,2015,5,Primavera,3 - Miércoles
332,2015-05-21,8820,215,9035,1507652,26168,1533820,2015,5,Primavera,4 - Jueves
333,2015-05-22,8934,179,9113,1516586,26347,1542933,2015,5,Primavera,5 - Viernes
334,2015-05-23,8489,468,8957,1525075,26815,1551890,2015,5,Primavera,6 - Sabádo
335,2015-05-24,8739,530,9269,1533814,27345,1561159,2015,5,Primavera,7 - Domingo
336,2015-05-25,8409,295,8704,1542223,27640,1569863,2015,5,Primavera,1 - Lunes
337,2015-05-26,9193,180,9373,1551416,27820,1579236,2015,5,Primavera,2 - Martes
338,2015-05-27,9484,200,9684,1560900,28020,1588920,2015,5,Primavera,3 - Miércoles
339,2015-05-28,9765,191,9956,1570665,28211,1598876,2015,5,Primavera,4 - Jueves
340,2015-05-29,9860,201,10061,1580525,28412,1608937,2015,5,Primavera,5 - Viernes
341,2015-05-30,8923,445,9368,1589448,28857,1618305,2015,5,Primavera,6 - Sabádo
342,2015-05-31,9047,424,9471,1598495,29281,1627776,2015,5,Primavera,7 - Domingo
343,2015-06-01,8862,213,9075,1607357,29494,1636851,2015,6,Primavera,1 - Lunes
344,2015-06-02,9786,170,9956,1617143,29664,1646807,2015,6,Primavera,2 - Martes
345,2015-06-03,10329,154,10483,1627472,29818,1657290,2015,6,Primavera,3 - Miércoles
346,2015-06-04,9410,360,9770,1636882,30178,1667060,2015,6,Primavera,4 - Jueves
347,2015-06-05,9287,201,9488,1646169,30379,1676548,2015,6,Primavera,5 - Viernes
348,2015-06-06,8501,446,8947,1654670,30825,1685495,2015,6,Primavera,6 - Sabádo
349,2015-06-07,8580,484,9064,1663250,31309,1694559,2015,6,Primavera,7 - Domingo
350,2015-06-08,9342,258,9600,1672592,31567,1704159,2015,6,Primavera,1 - Lunes
351,2015-06-09,9573,157,9730,1682165,31724,1713889,2015,6,Primavera,2 - Martes
352,2015-06-10,8880,82,8962,1691045,31806,1722851,2015,6,Primavera,3 - Miércoles
353,2015-06-11,8759,149,8908,1699804,31955,1731759,2015,6,Primavera,4 - Jueves
354,2015-06-12,10641,175,10816,1710445,32130,1742575,2015,6,Primavera,5 - Viernes
355,2015-06-13,9953,355,10308,1720398,32485,1752883,2015,6,Primavera,6 - Sabádo
356,2015-06-14,8514,388,8902,1728912,32873,1761785,2015,6,Primavera,7 - Domingo
357,2015-06-15,7744,111,7855,1736656,32984,1769640,2015,6,Primavera,1 - Lunes
358,2015-06-16,10044,179,10223,1746700,33163,1779863,2015,6,Primavera,2 - Martes
359,2015-06-17,10602,120,10722,1757302,33283,1790585,2015,6,Primavera,3 - Miércoles
360,2015-06-18,11349,163,11512,1768651,33446,1802097,2015,6,Primavera,4 - Jueves
361,2015-06-19,11743,239,11982,1780394,33685,1814079,2015,6,Primavera,5 - Viernes
362,2015-06-20,10192,499,10691,1790586,34184,1824770,2015,6,Primavera,6 - Sabádo
363,2015-06-21,9353,403,9756,1799939,34587,1834526,2015,6,Verano,7 - Domingo
364,2015-06-22,9903,183,10086,1809842,34770,1844612,2015,6,Verano,1 - Lunes
365,2015-06-23,9334,148,9482,1819176,34918,1854094,2015,6,Verano,2 - Martes
366,2015-06-24,11459,179,11638,1830635,35097,1865732,2015,6,Verano,3 - Miércoles
367,2015-06-25,12147,182,12329,1842782,35279,1878061,2015,6,Verano,4 - Jueves
368,2015-06-26,11479,197,11676,1854261,35476,1889737,2015,6,Verano,5 - Viernes
369,2015-06-27,9229,302,9531,1863490,35778,1899268,2015,6,Verano,6 - Sabádo
370,2015-06-28,8935,369,9304,1872425,36147,1908572,2015,6,Verano,7 - Domingo
371,2015-06-29,9720,141,9861,1882145,36288,1918433,2015,6,Verano,1 - Lunes
372,2015-06-30,10530,180,10710,1892675,36468,1929143,2015,6,Verano,2 - Martes
373,2015-07-01,11245,177,11422,1903920,36645,1940565,2015,7,Verano,3 - Miércoles
374,2015-07-02,11512,174,11686,1915432,36819,1952251,2015,7,Verano,4 - Jueves
375,2015-07-03,11083,192,11275,1926515,37011,1963526,2015,7,Verano,5 - Viernes
376,2015-07-04,9401,328,9729,1935916,37339,1973255,2015,7,Verano,6 - Sabádo
377,2015-07-05,7738,304,8042,1943654,37643,1981297,2015,7,Verano,7 - Domingo
378,2015-07-06,8826,176,9002,1952480,37819,1990299,2015,7,Verano,1 - Lunes
379,2015-07-07,9812,168,9980,1962292,37987,2000279,2015,7,Verano,2 - Martes
380,2015-07-08,10855,187,11042,1973147,38174,2011321,2015,7,Verano,3 - Miércoles
381,2015-07-09,12130,249,12379,1985277,38423,2023700,2015,7,Verano,4 - Jueves
382,2015-07-10,11325,205,11530,1996602,38628,2035230,2015,7,Verano,5 - Viernes
383,2015-07-11,9101,332,9433,2005703,38960,2044663,2015,7,Verano,6 - Sabádo
384,2015-07-12,8299,363,8662,2014002,39323,2053325,2015,7,Verano,7 - Domingo
385,2015-07-13,10507,259,10766,2024509,39582,2064091,2015,7,Verano,1 - Lunes
386,2015-07-14,10979,169,11148,2035488,39751,2075239,2015,7,Verano,2 - Martes
387,2015-07-15,11589,134,11723,2047077,39885,2086962,2015,7,Verano,3 - Miércoles
388,2015-07-16,11593,157,11750,2058670,40042,2098712,2015,7,Verano,4 - Jueves
389,2015-07-17,10981,212,11193,2069651,40254,2109905,2015,7,Verano,5 - Viernes
390,2015-07-18,9142,355,9497,2078793,40609,2119402,2015,7,Verano,6 - Sabádo
391,2015-07-19,8316,427,8743,2087109,41036,2128145,2015,7,Verano,7 - Domingo
392,2015-07-20,10049,268,10317,2097158,41304,2138462,2015,7,Verano,1 - Lunes
393,2015-07-21,10447,192,10639,2107605,41496,2149101,2015,7,Verano,2 - Martes
394,2015-07-22,10544,151,10695,2118149,41647,2159796,2015,7,Verano,3 - Miércoles
395,2015-07-23,11251,179,11430,2129400,41826,2171226,2015,7,Verano,4 - Jueves
396,2015-07-24,10465,218,10683,2139865,42044,2181909,2015,7,Verano,5 - Viernes
397,2015-07-25,8618,393,9011,2148483,42437,2190920,2015,7,Verano,6 - Sabádo
398,2015-07-26,7977,316,8293,2156460,42753,2199213,2015,7,Verano,7 - Domingo
399,2015-07-27,9443,159,9602,2165903,42912,2208815,2015,7,Verano,1 - Lunes
400,2015-07-28,10363,189,10552,2176266,43101,2219367,2015,7,Verano,2 - Martes
401,2015-07-29,10827,159,10986,2187093,43260,2230353,2015,7,Verano,3 - Miércoles
402,2015-07-30,10578,155,10733,2197671,43415,2241086,2015,7,Verano,4 - Jueves
403,2015-07-31,9814,189,10003,2207485,43604,2251089,2015,7,Verano,5 - Viernes
404,2015-08-01,8081,282,8363,2215566,43886,2259452,2015,8,Verano,6 - Sabádo
405,2015-08-02,7509,359,7868,2223075,44245,2267320,2015,8,Verano,7 - Domingo
406,2015-08-03,8437,177,8614,2231512,44422,2275934,2015,8,Verano,1 - Lunes
407,2015-08-04,8906,203,9109,2240418,44625,2285043,2015,8,Verano,2 - Martes
408,2015-08-05,9327,179,9506,2249745,44804,2294549,2015,8,Verano,3 - Miércoles
409,2015-08-06,9575,271,9846,2259320,45075,2304395,2015,8,Verano,4 - Jueves
410,2015-08-07,8671,175,8846,2267991,45250,2313241,2015,8,Verano,5 - Viernes
411,2015-08-08,7554,374,7928,2275545,45624,2321169,2015,8,Verano,6 - Sabádo
412,2015-08-09,6969,374,7343,2282514,45998,2328512,2015,8,Verano,7 - Domingo
413,2015-08-10,7986,189,8175,2290500,46187,2336687,2015,8,Verano,1 - Lunes
414,2015-08-11,8750,191,8941,2299250,46378,2345628,2015,8,Verano,2 - Martes
415,2015-08-12,9132,251,9383,2308382,46629,2355011,2015,8,Verano,3 - Miércoles
416,2015-08-13,8974,236,9210,2317356,46865,2364221,2015,8,Verano,4 - Jueves
417,2015-08-14,8165,231,8396,2325521,47096,2372617,2015,8,Verano,5 - Viernes
418,2015-08-15,7000,297,7297,2332521,47393,2379914,2015,8,Verano,6 - Sabádo
419,2015-08-16,6770,336,7106,2339291,47729,2387020,2015,8,Verano,7 - Domingo
420,2015-08-17,8362,200,8562,2347653,47929,2395582,2015,8,Verano,1 - Lunes
421,2015-08-18,8796,269,9065,2356449,48198,2404647,2015,8,Verano,2 - Martes
422,2015-08-19,8910,227,9137,2365359,48425,2413784,2015,8,Verano,3 - Miércoles
423,2015-08-20,9408,294,9702,2374767,48719,2423486,2015,8,Verano,4 - Jueves
424,2015-08-21,8737,306,9043,2383504,49025,2432529,2015,8,Verano,5 - Viernes
425,2015-08-22,7668,475,8143,2391172,49500,2440672,2015,8,Verano,6 - Sabádo
426,2015-08-23,7911,469,8380,2399083,49969,2449052,2015,8,Verano,7 - Domingo
427,2015-08-24,8635,223,8858,2407718,50192,2457910,2015,8,Verano,1 - Lunes
428,2015-08-25,9397,212,9609,2417115,50404,2467519,2015,8,Verano,2 - Martes
429,2015-08-26,10135,197,10332,2427250,50601,2477851,2015,8,Verano,3 - Miércoles
430,2015-08-27,10421,189,10610,2437671,50790,2488461,2015,8,Verano,4 - Jueves
431,2015-08-28,10309,245,10554,2447980,51035,2499015,2015,8,Verano,5 - Viernes
432,2015-08-29,9433,400,9833,2457413,51435,2508848,2015,8,Verano,6 - Sabádo
433,2015-08-30,8022,312,8334,2465435,51747,2517182,2015,8,Verano,7 - Domingo
434,2015-08-31,9601,142,9743,2475036,51889,2526925,2015,8,Verano,1 - Lunes
435,2015-09-01,11238,162,11400,2486274,52051,2538325,2015,9,Verano,2 - Martes
436,2015-09-02,11942,158,12100,2498216,52209,2550425,2015,9,Verano,3 - Miércoles
437,2015-09-03,12919,171,13090,2511135,52380,2563515,2015,9,Verano,4 - Jueves
438,2015-09-04,12253,177,12430,2523388,52557,2575945,2015,9,Verano,5 - Viernes
439,2015-09-05,10598,454,11052,2533986,53011,2586997,2015,9,Verano,6 - Sabádo
440,2015-09-06,10629,561,11190,2544615,53572,2598187,2015,9,Verano,7 - Domingo
441,2015-09-07,10586,226,10812,2555201,53798,2608999,2015,9,Verano,1 - Lunes
442,2015-09-08,12325,194,12519,2567526,53992,2621518,2015,9,Verano,2 - Martes
443,2015-09-09,12863,184,13047,2580389,54176,2634565,2015,9,Verano,3 - Miércoles
444,2015-09-10,13747,164,13911,2594136,54340,2648476,2015,9,Verano,4 - Jueves
445,2015-09-11,13558,254,13812,2607694,54594,2662288,2015,9,Verano,5 - Viernes
446,2015-09-12,11419,513,11932,2619113,55107,2674220,2015,9,Verano,6 - Sabádo
447,2015-09-13,10394,549,10943,2629507,55656,2685163,2015,9,Verano,7 - Domingo
448,2015-09-14,11076,206,11282,2640583,55862,2696445,2015,9,Verano,1 - Lunes
449,2015-09-15,10079,106,10185,2650662,55968,2706630,2015,9,Verano,2 - Martes
450,2015-09-16,7669,64,7733,2658331,56032,2714363,2015,9,Verano,3 - Miércoles
451,2015-09-17,11883,127,12010,2670214,56159,2726373,2015,9,Verano,4 - Jueves
452,2015-09-18,13478,199,13677,2683692,56358,2740050,2015,9,Verano,5 - Viernes
453,2015-09-19,12287,328,12615,2695979,56686,2752665,2015,9,Verano,6 - Sabádo
454,2015-09-20,11685,745,12430,2707664,57431,2765095,2015,9,Verano,7 - Domingo
455,2015-09-21,12068,230,12298,2719732,57661,2777393,2015,9,Otoño,1 - Lunes
456,2015-09-22,13662,130,13792,2733394,57791,2791185,2015,9,Otoño,2 - Martes
457,2015-09-23,13555,198,13753,2746949,57989,2804938,2015,9,Otoño,3 - Miércoles
458,2015-09-24,14077,183,14260,2761026,58172,2819198,2015,9,Otoño,4 - Jueves
459,2015-09-25,14976,332,15308,2776002,58504,2834506,2015,9,Otoño,5 - Viernes
460,2015-09-26,13485,594,14079,2789487,59098,2848585,2015,9,Otoño,6 - Sabádo
461,2015-09-27,12377,723,13100,2801864,59821,2861685,2015,9,Otoño,7 - Domingo
462,2015-09-28,11880,239,12119,2813744,60060,2873804,2015,9,Otoño,1 - Lunes
463,2015-09-29,12505,130,12635,2826249,60190,2886439,2015,9,Otoño,2 - Martes
464,2015-09-30,13490,137,13627,2839739,60327,2900066,2015,9,Otoño,3 - Miércoles
465,2015-10-01,13882,198,14080,2853621,60525,2914146,2015,10,Otoño,4 - Jueves
466,2015-10-02,15009,250,15259,2868630,60775,2929405,2015,10,Otoño,5 - Viernes
467,2015-10-03,13645,538,14183,2882275,61313,2943588,2015,10,Otoño,6 - Sabádo
468,2015-10-04,11192,595,11787,2893467,61908,2955375,2015,10,Otoño,7 - Domingo
469,2015-10-05,9810,165,9975,2903277,62073,2965350,2015,10,Otoño,1 - Lunes
470,2015-10-06,12174,144,12318,2915451,62217,2977668,2015,10,Otoño,2 - Martes
471,2015-10-07,12292,143,12435,2927743,62360,2990103,2015,10,Otoño,3 - Miércoles
472,2015-10-08,13045,150,13195,2940788,62510,3003298,2015,10,Otoño,4 - Jueves
473,2015-10-09,13525,241,13766,2954313,62751,3017064,2015,10,Otoño,5 - Viernes
474,2015-10-10,11026,576,11602,2965339,63327,3028666,2015,10,Otoño,6 - Sabádo
475,2015-10-11,9000,469,9469,2974339,63796,3038135,2015,10,Otoño,7 - Domingo
476,2015-10-12,10093,533,10626,2984432,64329,3048761,2015,10,Otoño,1 - Lunes
477,2015-10-13,8567,104,8671,2992999,64433,3057432,2015,10,Otoño,2 - Martes
478,2015-10-14,11475,163,11638,3004474,64596,3069070,2015,10,Otoño,3 - Miércoles
479,2015-10-15,12349,142,12491,3016823,64738,3081561,2015,10,Otoño,4 - Jueves
480,2015-10-16,13346,185,13531,3030169,64923,3095092,2015,10,Otoño,5 - Viernes
481,2015-10-17,9709,321,10030,3039878,65244,3105122,2015,10,Otoño,6 - Sabádo
482,2015-10-18,6005,232,6237,3045883,65476,3111359,2015,10,Otoño,7 - Domingo
483,2015-10-19,8612,175,8787,3054495,65651,3120146,2015,10,Otoño,1 - Lunes
484,2015-10-20,11120,190,11310,3065615,65841,3131456,2015,10,Otoño,2 - Martes
485,2015-10-21,11229,165,11394,3076844,66006,3142850,2015,10,Otoño,3 - Miércoles
486,2015-10-22,11845,171,12016,3088689,66177,3154866,2015,10,Otoño,4 - Jueves
487,2015-10-23,12461,226,12687,3101150,66403,3167553,2015,10,Otoño,5 - Viernes
488,2015-10-24,12004,484,12488,3113154,66887,3180041,2015,10,Otoño,6 - Sabádo
489,2015-10-25,11347,495,11842,3124501,67382,3191883,2015,10,Otoño,7 - Domingo
490,2015-10-26,8135,102,8237,3132636,67484,3200120,2015,10,Otoño,1 - Lunes
491,2015-10-27,8764,87,8851,3141400,67571,3208971,2015,10,Otoño,2 - Martes
492,2015-10-28,9598,77,9675,3150998,67648,3218646,2015,10,Otoño,3 - Miércoles
493,2015-10-29,11033,128,11161,3162031,67776,3229807,2015,10,Otoño,4 - Jueves
494,2015-10-30,12678,219,12897,3174709,67995,3242704,2015,10,Otoño,5 - Viernes
495,2015-10-31,11295,395,11690,3186004,68390,3254394,2015,10,Otoño,6 - Sabádo
496,2015-11-01,9313,471,9784,3195317,68861,3264178,2015,11,Otoño,7 - Domingo
497,2015-11-02,4764,69,4833,3200081,68930,3269011,2015,11,Otoño,1 - Lunes
498,2015-11-03,8017,98,8115,3208098,69028,3277126,2015,11,Otoño,2 - Martes
499,2015-11-04,8993,72,9065,3217091,69100,3286191,2015,11,Otoño,3 - Miércoles
500,2015-11-05,10403,80,10483,3227494,69180,3296674,2015,11,Otoño,4 - Jueves
501,2015-11-06,11091,161,11252,3238585,69341,3307926,2015,11,Otoño,5 - Viernes
502,2015-11-07,10243,577,10820,3248828,69918,3318746,2015,11,Otoño,6 - Sabádo
503,2015-11-08,9357,433,9790,3258185,70351,3328536,2015,11,Otoño,7 - Domingo
504,2015-11-09,8494,492,8986,3266679,70843,3337522,2015,11,Otoño,1 - Lunes
505,2015-11-10,10056,172,10228,3276735,71015,3347750,2015,11,Otoño,2 - Martes
506,2015-11-11,10706,137,10843,3287441,71152,3358593,2015,11,Otoño,3 - Miércoles
507,2015-11-12,11054,137,11191,3298495,71289,3369784,2015,11,Otoño,4 - Jueves
508,2015-11-13,12787,260,13047,3311282,71549,3382831,2015,11,Otoño,5 - Viernes
509,2015-11-14,11376,393,11769,3322658,71942,3394600,2015,11,Otoño,6 - Sabádo
510,2015-11-15,10213,459,10672,3332871,72401,3405272,2015,11,Otoño,7 - Domingo
511,2015-11-16,9545,110,9655,3342416,72511,3414927,2015,11,Otoño,1 - Lunes
512,2015-11-17,10372,64,10436,3352788,72575,3425363,2015,11,Otoño,2 - Martes
513,2015-11-18,10986,73,11059,3363774,72648,3436422,2015,11,Otoño,3 - Miércoles
514,2015-11-19,11280,71,11351,3375054,72719,3447773,2015,11,Otoño,4 - Jueves
515,2015-11-20,12149,168,12317,3387203,72887,3460090,2015,11,Otoño,5 - Viernes
516,2015-11-21,9836,311,10147,3397039,73198,3470237,2015,11,Otoño,6 - Sabádo
517,2015-11-22,7103,206,7309,3404142,73404,3477546,2015,11,Otoño,7 - Domingo
518,2015-11-23,7836,62,7898,3411978,73466,3485444,2015,11,Otoño,1 - Lunes
519,2015-11-24,8593,69,8662,3420571,73535,3494106,2015,11,Otoño,2 - Martes
520,2015-11-25,9730,63,9793,3430301,73598,3503899,2015,11,Otoño,3 - Miércoles
521,2015-11-26,10408,97,10505,3440709,73695,3514404,2015,11,Otoño,4 - Jueves
522,2015-11-27,11242,131,11373,3451951,73826,3525777,2015,11,Otoño,5 - Viernes
523,2015-11-28,10296,379,10675,3462247,74205,3536452,2015,11,Otoño,6 - Sabádo
524,2015-11-29,8557,304,8861,3470804,74509,3545313,2015,11,Otoño,7 - Domingo
525,2015-11-30,8398,70,8468,3479202,74579,3553781,2015,11,Otoño,1 - Lunes
526,2015-12-01,9038,58,9096,3488240,74637,3562877,2015,12,Otoño,2 - Martes
527,2015-12-02,9340,64,9404,3497580,74701,3572281,2015,12,Otoño,3 - Miércoles
528,2015-12-03,10303,44,10347,3507883,74745,3582628,2015,12,Otoño,4 - Jueves
529,2015-12-04,10806,105,10911,3518689,74850,3593539,2015,12,Otoño,5 - Viernes
530,2015-12-05,9330,429,9759,3528019,75279,3603298,2015,12,Otoño,6 - Sabádo
531,2015-12-06,8348,503,8851,3536367,75782,3612149,2015,12,Otoño,7 - Domingo
532,2015-12-07,7860,250,8110,3544227,76032,3620259,2015,12,Otoño,1 - Lunes
533,2015-12-08,7519,345,7864,3551746,76377,3628123,2015,12,Otoño,2 - Martes
534,2015-12-09,9109,82,9191,3560855,76459,3637314,2015,12,Otoño,3 - Miércoles
535,2015-12-10,9840,50,9890,3570695,76509,3647204,2015,12,Otoño,4 - Jueves
536,2015-12-11,11144,127,11271,3581839,76636,3658475,2015,12,Otoño,5 - Viernes
537,2015-12-12,9687,218,9905,3591526,76854,3668380,2015,12,Otoño,6 - Sabádo
538,2015-12-13,8502,200,8702,3600028,77054,3677082,2015,12,Otoño,7 - Domingo
539,2015-12-14,7826,77,7903,3607854,77131,3684985,2015,12,Otoño,1 - Lunes
540,2015-12-15,9476,82,9558,3617330,77213,3694543,2015,12,Otoño,2 - Martes
541,2015-12-16,9902,67,9969,3627232,77280,3704512,2015,12,Otoño,3 - Miércoles
542,2015-12-17,10377,142,10519,3637609,77422,3715031,2015,12,Otoño,4 - Jueves
543,2015-12-18,10936,109,11045,3648545,77531,3726076,2015,12,Otoño,5 - Viernes
544,2015-12-19,10060,280,10340,3658605,77811,3736416,2015,12,Otoño,6 - Sabádo
545,2015-12-20,8358,177,8535,3666963,77988,3744951,2015,12,Otoño,7 - Domingo
546,2015-12-21,8670,152,8822,3675633,78140,3753773,2015,12,Invierno,1 - Lunes
547,2015-12-22,9345,187,9532,3684978,78327,3763305,2015,12,Invierno,2 - Martes
548,2015-12-23,8595,190,8785,3693573,78517,3772090,2015,12,Invierno,3 - Miércoles
549,2015-12-24,4942,128,5070,3698515,78645,3777160,2015,12,Invierno,4 - Jueves
550,2015-12-25,3229,317,3546,3701744,78962,3780706,2015,12,Invierno,5 - Viernes
551,2015-12-26,4831,305,5136,3706575,79267,3785842,2015,12,Invierno,6 - Sabádo
552,2015-12-27,5268,319,5587,3711843,79586,3791429,2015,12,Invierno,7 - Domingo
553,2015-12-28,4701,168,4869,3716544,79754,3796298,2015,12,Invierno,1 - Lunes
554,2015-12-29,6205,193,6398,3722749,79947,3802696,2015,12,Invierno,2 - Martes
555,2015-12-30,6758,219,6977,3729507,80166,3809673,2015,12,Invierno,3 - Miércoles
556,2015-12-31,4696,255,4951,3734203,80421,3814624,2015,12,Invierno,4 - Jueves
557,2016-01-01,3369,289,3658,3737572,80710,3818282,2016,1,Invierno,5 - Viernes
558,2016-01-02,4738,298,5036,3742310,81008,3823318,2016,1,Invierno,6 - Sabádo
559,2016-01-03,3919,153,4072,3746229,81161,3827390,2016,1,Invierno,7 - Domingo
560,2016-01-04,4219,95,4314,3750448,81256,3831704,2016,1,Invierno,1 - Lunes
561,2016-01-05,6712,144,6856,3757160,81400,3838560,2016,1,Invierno,2 - Martes
562,2016-01-06,3574,79,3653,3760734,81479,3842213,2016,1,Invierno,3 - Miércoles
563,2016-01-07,6643,84,6727,3767377,81563,3848940,2016,1,Invierno,4 - Jueves
564,2016-01-08,6621,89,6710,3773998,81652,3855650,2016,1,Invierno,5 - Viernes
565,2016-01-09,6132,126,6258,3780130,81778,3861908,2016,1,Invierno,6 - Sabádo
566,2016-01-10,3233,40,3273,3783363,81818,3865181,2016,1,Invierno,7 - Domingo
567,2016-01-11,5910,40,5950,3789273,81858,3871131,2016,1,Invierno,1 - Lunes
568,2016-01-12,7710,52,7762,3796983,81910,3878893,2016,1,Invierno,2 - Martes
569,2016-01-13,8069,58,8127,3805052,81968,3887020,2016,1,Invierno,3 - Miércoles
570,2016-01-14,5378,23,5401,3810430,81991,3892421,2016,1,Invierno,4 - Jueves
571,2016-01-15,8043,41,8084,3818473,82032,3900505,2016,1,Invierno,5 - Viernes
572,2016-01-16,7218,224,7442,3825691,82256,3907947,2016,1,Invierno,6 - Sabádo
573,2016-01-17,5755,161,5916,3831446,82417,3913863,2016,1,Invierno,7 - Domingo
574,2016-01-18,7002,51,7053,3838448,82468,3920916,2016,1,Invierno,1 - Lunes
575,2016-01-19,7669,44,7713,3846117,82512,3928629,2016,1,Invierno,2 - Martes
576,2016-01-20,7881,47,7928,3853998,82559,3936557,2016,1,Invierno,3 - Miércoles
577,2016-01-21,7960,42,8002,3861958,82601,3944559,2016,1,Invierno,4 - Jueves
578,2016-01-22,7674,54,7728,3869632,82655,3952287,2016,1,Invierno,5 - Viernes
579,2016-01-23,8214,327,8541,3877846,82982,3960828,2016,1,Invierno,6 - Sabádo
580,2016-01-24,8189,401,8590,3886035,83383,3969418,2016,1,Invierno,7 - Domingo
581,2016-01-25,8115,100,8215,3894150,83483,3977633,2016,1,Invierno,1 - Lunes
582,2016-01-26,8852,103,8955,3903002,83586,3986588,2016,1,Invierno,2 - Martes
583,2016-01-27,8284,65,8349,3911286,83651,3994937,2016,1,Invierno,3 - Miércoles
584,2016-01-28,6189,31,6220,3917475,83682,4001157,2016,1,Invierno,4 - Jueves
585,2016-01-29,7609,52,7661,3925084,83734,4008818,2016,1,Invierno,5 - Viernes
586,2016-01-30,7832,233,8065,3932916,83967,4016883,2016,1,Invierno,6 - Sabádo
587,2016-01-31,7424,402,7826,3940340,84369,4024709,2016,1,Invierno,7 - Domingo
588,2016-02-01,8451,139,8590,3948791,84508,4033299,2016,2,Invierno,1 - Lunes
589,2016-02-02,8741,115,8856,3957532,84623,4042155,2016,2,Invierno,2 - Martes
590,2016-02-03,9214,68,9282,3966746,84691,4051437,2016,2,Invierno,3 - Miércoles
591,2016-02-04,8992,53,9045,3975738,84744,4060482,2016,2,Invierno,4 - Jueves
592,2016-02-05,9145,95,9240,3984883,84839,4069722,2016,2,Invierno,5 - Viernes
593,2016-02-06,6781,202,6983,3991664,85041,4076705,2016,2,Invierno,6 - Sabádo
594,2016-02-07,5337,209,5546,3997001,85250,4082251,2016,2,Invierno,7 - Domingo
595,2016-02-08,7387,73,7460,4004388,85323,4089711,2016,2,Invierno,1 - Lunes
596,2016-02-09,7429,63,7492,4011817,85386,4097203,2016,2,Invierno,2 - Martes
597,2016-02-10,8634,38,8672,4020451,85424,4105875,2016,2,Invierno,3 - Miércoles
598,2016-02-11,7491,24,7515,4027942,85448,4113390,2016,2,Invierno,4 - Jueves
599,2016-02-12,5129,30,5159,4033071,85478,4118549,2016,2,Invierno,5 - Viernes
600,2016-02-13,5180,133,5313,4038251,85611,4123862,2016,2,Invierno,6 - Sabádo
601,2016-02-14,4131,88,4219,4042382,85699,4128081,2016,2,Invierno,7 - Domingo
602,2016-02-15,6740,49,6789,4049122,85748,4134870,2016,2,Invierno,1 - Lunes
603,2016-02-16,7308,46,7354,4056430,85794,4142224,2016,2,Invierno,2 - Martes
604,2016-02-17,7468,39,7507,4063898,85833,4149731,2016,2,Invierno,3 - Miércoles
605,2016-02-18,6715,24,6739,4070613,85857,4156470,2016,2,Invierno,4 - Jueves
606,2016-02-19,8267,120,8387,4078880,85977,4164857,2016,2,Invierno,5 - Viernes
607,2016-02-20,7314,325,7639,4086194,86302,4172496,2016,2,Invierno,6 - Sabádo
608,2016-02-21,6678,298,6976,4092872,86600,4179472,2016,2,Invierno,7 - Domingo
609,2016-02-22,7883,98,7981,4100755,86698,4187453,2016,2,Invierno,1 - Lunes
610,2016-02-23,8821,108,8929,4109576,86806,4196382,2016,2,Invierno,2 - Martes
611,2016-02-24,6959,34,6993,4116535,86840,4203375,2016,2,Invierno,3 - Miércoles
612,2016-02-25,8496,89,8585,4125031,86929,4211960,2016,2,Invierno,4 - Jueves
613,2016-02-26,4576,22,4598,4129607,86951,4216558,2016,2,Invierno,5 - Viernes
614,2016-02-27,5636,147,5783,4135243,87098,4222341,2016,2,Invierno,6 - Sabádo
615,2016-02-28,5276,122,5398,4140519,87220,4227739,2016,2,Invierno,7 - Domingo
616,2016-02-29,7716,132,7848,4148235,87352,4235587,2016,2,Invierno,1 - Lunes
617,2016-03-01,8496,103,8599,4156731,87455,4244186,2016,3,Invierno,2 - Martes
618,2016-03-02,9229,86,9315,4165960,87541,4253501,2016,3,Invierno,3 - Miércoles
619,2016-03-03,9352,80,9432,4175312,87621,4262933,2016,3,Invierno,4 - Jueves
620,2016-03-04,8423,130,8553,4183735,87751,4271486,2016,3,Invierno,5 - Viernes
621,2016-03-05,6171,148,6319,4189906,87899,4277805,2016,3,Invierno,6 - Sabádo
622,2016-03-06,5793,272,6065,4195699,88171,4283870,2016,3,Invierno,7 - Domingo
623,2016-03-07,6226,80,6306,4201925,88251,4290176,2016,3,Invierno,1 - Lunes
624,2016-03-08,8027,69,8096,4209952,88320,4298272,2016,3,Invierno,2 - Martes
625,2016-03-09,8058,65,8123,4218010,88385,4306395,2016,3,Invierno,3 - Miércoles
626,2016-03-10,8448,66,8514,4226458,88451,4314909,2016,3,Invierno,4 - Jueves
627,2016-03-11,8943,121,9064,4235401,88572,4323973,2016,3,Invierno,5 - Viernes
628,2016-03-12,7466,370,7836,4242867,88942,4331809,2016,3,Invierno,6 - Sabádo
629,2016-03-13,6989,387,7376,4249856,89329,4339185,2016,3,Invierno,7 - Domingo
630,2016-03-14,7819,98,7917,4257675,89427,4347102,2016,3,Invierno,1 - Lunes
631,2016-03-15,8757,63,8820,4266432,89490,4355922,2016,3,Invierno,2 - Martes
632,2016-03-16,9367,81,9448,4275799,89571,4365370,2016,3,Invierno,3 - Miércoles
633,2016-03-17,9640,124,9764,4285439,89695,4375134,2016,3,Invierno,4 - Jueves
634,2016-03-18,7918,135,8053,4293357,89830,4383187,2016,3,Invierno,5 - Viernes
635,2016-03-19,4456,104,4560,4297813,89934,4387747,2016,3,Invierno,6 - Sabádo
636,2016-03-20,4704,226,4930,4302517,90160,4392677,2016,3,Invierno,7 - Domingo
637,2016-03-21,4085,108,4193,4306602,90268,4396870,2016,3,Primavera,1 - Lunes
638,2016-03-22,6274,106,6380,4312876,90374,4403250,2016,3,Primavera,2 - Martes
639,2016-03-23,6111,143,6254,4318987,90517,4409504,2016,3,Primavera,3 - Miércoles
640,2016-03-24,4115,330,4445,4323102,90847,4413949,2016,3,Primavera,4 - Jueves
641,2016-03-25,3565,377,3942,4326667,91224,4417891,2016,3,Primavera,5 - Viernes
642,2016-03-26,4063,437,4500,4330730,91661,4422391,2016,3,Primavera,6 - Sabádo
643,2016-03-27,4484,394,4878,4335214,92055,4427269,2016,3,Primavera,7 - Domingo
644,2016-03-28,6427,150,6577,4341641,92205,4433846,2016,3,Primavera,1 - Lunes
645,2016-03-29,8496,139,8635,4350137,92344,4442481,2016,3,Primavera,2 - Martes
646,2016-03-30,9752,184,9936,4359889,92528,4452417,2016,3,Primavera,3 - Miércoles
647,2016-03-31,8675,95,8770,4368564,92623,4461187,2016,3,Primavera,4 - Jueves
648,2016-04-01,9409,93,9502,4377973,92716,4470689,2016,4,Primavera,5 - Viernes
649,2016-04-02,8228,354,8582,4386201,93070,4479271,2016,4,Primavera,6 - Sabádo
650,2016-04-03,5656,190,5846,4391857,93260,4485117,2016,4,Primavera,7 - Domingo
651,2016-04-04,2164,8,2172,4394021,93268,4487289,2016,4,Primavera,1 - Lunes
652,2016-04-05,8928,123,9051,4402949,93391,4496340,2016,4,Primavera,2 - Martes
653,2016-04-06,9910,88,9998,4412859,93479,4506338,2016,4,Primavera,3 - Miércoles
654,2016-04-07,10551,132,10683,4423410,93611,4517021,2016,4,Primavera,4 - Jueves
655,2016-04-08,9941,177,10118,4433351,93788,4527139,2016,4,Primavera,5 - Viernes
656,2016-04-09,8593,434,9027,4441944,94222,4536166,2016,4,Primavera,6 - Sabádo
657,2016-04-10,5373,152,5525,4447317,94374,4541691,2016,4,Primavera,7 - Domingo
658,2016-04-11,4838,60,4898,4452155,94434,4546589,2016,4,Primavera,1 - Lunes
659,2016-04-12,4193,40,4233,4456348,94474,4550822,2016,4,Primavera,2 - Martes
660,2016-04-13,8921,90,9011,4465269,94564,4559833,2016,4,Primavera,3 - Miércoles
661,2016-04-14,9814,102,9916,4475083,94666,4569749,2016,4,Primavera,4 - Jueves
662,2016-04-15,9310,188,9498,4484393,94854,4579247,2016,4,Primavera,5 - Viernes
663,2016-04-16,4033,61,4094,4488426,94915,4583341,2016,4,Primavera,6 - Sabádo
664,2016-04-17,7784,487,8271,4496210,95402,4591612,2016,4,Primavera,7 - Domingo
665,2016-04-18,9486,247,9733,4505696,95649,4601345,2016,4,Primavera,1 - Lunes
666,2016-04-19,5465,43,5508,4511161,95692,4606853,2016,4,Primavera,2 - Martes
667,2016-04-20,5336,30,5366,4516497,95722,4612219,2016,4,Primavera,3 - Miércoles
668,2016-04-21,9379,144,9523,4525876,95866,4621742,2016,4,Primavera,4 - Jueves
669,2016-04-22,9275,169,9444,4535151,96035,4631186,2016,4,Primavera,5 - Viernes
670,2016-04-23,7196,292,7488,4542347,96327,4638674,2016,4,Primavera,6 - Sabádo
671,2016-04-24,8467,553,9020,4550814,96880,4647694,2016,4,Primavera,7 - Domingo
672,2016-04-25,9371,157,9528,4560185,97037,4657222,2016,4,Primavera,1 - Lunes
673,2016-04-26,10348,104,10452,4570533,97141,4667674,2016,4,Primavera,2 - Martes
674,2016-04-27,10338,128,10466,4580871,97269,4678140,2016,4,Primavera,3 - Miércoles
675,2016-04-28,9873,142,10015,4590744,97411,4688155,2016,4,Primavera,4 - Jueves
676,2016-04-29,9532,221,9753,4600276,97632,4697908,2016,4,Primavera,5 - Viernes
677,2016-04-30,6957,511,7468,4607233,98143,4705376,2016,4,Primavera,6 - Sabádo
678,2016-05-01,5878,536,6414,4613111,98679,4711790,2016,5,Primavera,7 - Domingo
679,2016-05-02,6703,525,7228,4619814,99204,4719018,2016,5,Primavera,1 - Lunes
680,2016-05-03,10253,200,10453,4630067,99404,4729471,2016,5,Primavera,2 - Martes
681,2016-05-04,11535,185,11720,4641602,99589,4741191,2016,5,Primavera,3 - Miércoles
682,2016-05-05,9852,190,10042,4651454,99779,4751233,2016,5,Primavera,4 - Jueves
683,2016-05-06,7185,107,7292,4658639,99886,4758525,2016,5,Primavera,5 - Viernes
684,2016-05-07,6695,305,7000,4665334,100191,4765525,2016,5,Primavera,6 - Sabádo
685,2016-05-08,3054,48,3102,4668388,100239,4768627,2016,5,Primavera,7 - Domingo
686,2016-05-09,5317,34,5351,4673705,100273,4773978,2016,5,Primavera,1 - Lunes
687,2016-05-10,5697,40,5737,4679402,100313,4779715,2016,5,Primavera,2 - Martes
688,2016-05-11,7080,44,7124,4686482,100357,4786839,2016,5,Primavera,3 - Miércoles
689,2016-05-12,8743,57,8800,4695225,100414,4795639,2016,5,Primavera,4 - Jueves
690,2016-05-13,8197,80,8277,4703422,100494,4803916,2016,5,Primavera,5 - Viernes
691,2016-05-14,7334,382,7716,4710756,100876,4811632,2016,5,Primavera,6 - Sabádo
692,2016-05-15,7474,523,7997,4718230,101399,4819629,2016,5,Primavera,7 - Domingo
693,2016-05-16,8096,547,8643,4726326,101946,4828272,2016,5,Primavera,1 - Lunes
694,2016-05-17,10527,267,10794,4736853,102213,4839066,2016,5,Primavera,2 - Martes
695,2016-05-18,11489,174,11663,4748342,102387,4850729,2016,5,Primavera,3 - Miércoles
696,2016-05-19,11790,136,11926,4760132,102523,4862655,2016,5,Primavera,4 - Jueves
697,2016-05-20,12225,266,12491,4772357,102789,4875146,2016,5,Primavera,5 - Viernes
698,2016-05-21,10361,565,10926,4782718,103354,4886072,2016,5,Primavera,6 - Sabádo
699,2016-05-22,8902,538,9440,4791620,103892,4895512,2016,5,Primavera,7 - Domingo
700,2016-05-23,10154,244,10398,4801774,104136,4905910,2016,5,Primavera,1 - Lunes
701,2016-05-24,10947,143,11090,4812721,104279,4917000,2016,5,Primavera,2 - Martes
702,2016-05-25,10956,169,11125,4823677,104448,4928125,2016,5,Primavera,3 - Miércoles
703,2016-05-26,11927,226,12153,4835604,104674,4940278,2016,5,Primavera,4 - Jueves
704,2016-05-27,12026,285,12311,4847630,104959,4952589,2016,5,Primavera,5 - Viernes
705,2016-05-28,7365,288,7653,4854995,105247,4960242,2016,5,Primavera,6 - Sabádo
706,2016-05-29,7612,407,8019,4862607,105654,4968261,2016,5,Primavera,7 - Domingo
707,2016-05-30,10238,228,10466,4872845,105882,4978727,2016,5,Primavera,1 - Lunes
708,2016-05-31,11024,166,11190,4883869,106048,4989917,2016,5,Primavera,2 - Martes
709,2016-06-01,11860,168,12028,4895729,106216,5001945,2016,6,Primavera,3 - Miércoles
710,2016-06-02,12091,179,12270,4907820,106395,5014215,2016,6,Primavera,4 - Jueves
711,2016-06-03,11862,235,12097,4919682,106630,5026312,2016,6,Primavera,5 - Viernes
712,2016-06-04,9605,454,10059,4929287,107084,5036371,2016,6,Primavera,6 - Sabádo
713,2016-06-05,9158,570,9728,4938445,107654,5046099,2016,6,Primavera,7 - Domingo
714,2016-06-06,11216,248,11464,4949661,107902,5057563,2016,6,Primavera,1 - Lunes
715,2016-06-07,12214,204,12418,4961875,108106,5069981,2016,6,Primavera,2 - Martes
716,2016-06-08,12863,201,13064,4974738,108307,5083045,2016,6,Primavera,3 - Miércoles
717,2016-06-09,12630,228,12858,4987368,108535,5095903,2016,6,Primavera,4 - Jueves
718,2016-06-10,12882,299,13181,5000250,108834,5109084,2016,6,Primavera,5 - Viernes
719,2016-06-11,9684,439,10123,5009934,109273,5119207,2016,6,Primavera,6 - Sabádo
720,2016-06-12,8959,401,9360,5018893,109674,5128567,2016,6,Primavera,7 - Domingo
721,2016-06-13,11566,149,11715,5030459,109823,5140282,2016,6,Primavera,1 - Lunes
722,2016-06-14,12381,136,12517,5042840,109959,5152799,2016,6,Primavera,2 - Martes
723,2016-06-15,11285,113,11398,5054125,110072,5164197,2016,6,Primavera,3 - Miércoles
724,2016-06-16,10832,81,10913,5064957,110153,5175110,2016,6,Primavera,4 - Jueves
725,2016-06-17,11401,130,11531,5076358,110283,5186641,2016,6,Primavera,5 - Viernes
726,2016-06-18,8934,350,9284,5085292,110633,5195925,2016,6,Primavera,6 - Sabádo
727,2016-06-19,8285,305,8590,5093577,110938,5204515,2016,6,Primavera,7 - Domingo
728,2016-06-20,11266,112,11378,5104843,111050,5215893,2016,6,Primavera,1 - Lunes
729,2016-06-21,12178,134,12312,5117021,111184,5228205,2016,6,Verano,2 - Martes
730,2016-06-22,12653,152,12805,5129674,111336,5241010,2016,6,Verano,3 - Miércoles
731,2016-06-23,12639,170,12809,5142313,111506,5253819,2016,6,Verano,4 - Jueves
732,2016-06-24,12167,235,12402,5154480,111741,5266221,2016,6,Verano,5 - Viernes
733,2016-06-25,8780,408,9188,5163260,112149,5275409,2016,6,Verano,6 - Sabádo
734,2016-06-26,8510,337,8847,5171770,112486,5284256,2016,6,Verano,7 - Domingo
735,2016-06-27,11352,199,11551,5183122,112685,5295807,2016,6,Verano,1 - Lunes
736,2016-06-28,12087,138,12225,5195209,112823,5308032,2016,6,Verano,2 - Martes
737,2016-06-29,12558,155,12713,5207767,112978,5320745,2016,6,Verano,3 - Miércoles
738,2016-06-30,12961,147,13108,5220728,113125,5333853,2016,6,Verano,4 - Jueves
739,2016-07-01,11751,155,11906,5232479,113280,5345759,2016,7,Verano,5 - Viernes
740,2016-07-02,8519,298,8817,5240998,113578,5354576,2016,7,Verano,6 - Sabádo
741,2016-07-03,7946,360,8306,5248944,113938,5362882,2016,7,Verano,7 - Domingo
742,2016-07-04,10524,255,10779,5259468,114193,5373661,2016,7,Verano,1 - Lunes
743,2016-07-05,12205,152,12357,5271673,114345,5386018,2016,7,Verano,2 - Martes
744,2016-07-06,11981,160,12141,5283654,114505,5398159,2016,7,Verano,3 - Miércoles
745,2016-07-07,11717,167,11884,5295371,114672,5410043,2016,7,Verano,4 - Jueves
746,2016-07-08,11306,183,11489,5306677,114855,5421532,2016,7,Verano,5 - Viernes
747,2016-07-09,8220,328,8548,5314897,115183,5430080,2016,7,Verano,6 - Sabádo
748,2016-07-10,7306,340,7646,5322203,115523,5437726,2016,7,Verano,7 - Domingo
749,2016-07-11,11081,137,11218,5333284,115660,5448944,2016,7,Verano,1 - Lunes
750,2016-07-12,12213,153,12366,5345497,115813,5461310,2016,7,Verano,2 - Martes
751,2016-07-13,12648,180,12828,5358145,115993,5474138,2016,7,Verano,3 - Miércoles
752,2016-07-14,12046,196,12242,5370191,116189,5486380,2016,7,Verano,4 - Jueves
753,2016-07-15,11028,188,11216,5381219,116377,5497596,2016,7,Verano,5 - Viernes
754,2016-07-16,7663,357,8020,5388882,116734,5505616,2016,7,Verano,6 - Sabádo
755,2016-07-17,7107,267,7374,5395989,117001,5512990,2016,7,Verano,7 - Domingo
756,2016-07-18,10286,175,10461,5406275,117176,5523451,2016,7,Verano,1 - Lunes
757,2016-07-19,11385,168,11553,5417660,117344,5535004,2016,7,Verano,2 - Martes
758,2016-07-20,11436,199,11635,5429096,117543,5546639,2016,7,Verano,3 - Miércoles
759,2016-07-21,11715,143,11858,5440811,117686,5558497,2016,7,Verano,4 - Jueves
760,2016-07-22,10152,212,10364,5450963,117898,5568861,2016,7,Verano,5 - Viernes
761,2016-07-23,6206,302,6508,5457169,118200,5575369,2016,7,Verano,6 - Sabádo
762,2016-07-24,5615,302,5917,5462784,118502,5581286,2016,7,Verano,7 - Domingo
763,2016-07-25,6071,216,6287,5468855,118718,5587573,2016,7,Verano,1 - Lunes
764,2016-07-26,10209,143,10352,5479064,118861,5597925,2016,7,Verano,2 - Martes
765,2016-07-27,10951,145,11096,5490015,119006,5609021,2016,7,Verano,3 - Miércoles
766,2016-07-28,11138,151,11289,5501153,119157,5620310,2016,7,Verano,4 - Jueves
767,2016-07-29,10110,175,10285,5511263,119332,5630595,2016,7,Verano,5 - Viernes
768,2016-07-30,7009,195,7204,5518272,119527,5637799,2016,7,Verano,6 - Sabádo
769,2016-07-31,6726,296,7022,5524998,119823,5644821,2016,7,Verano,7 - Domingo
770,2016-08-01,8628,187,8815,5533626,120010,5653636,2016,8,Verano,1 - Lunes
771,2016-08-02,8900,185,9085,5542526,120195,5662721,2016,8,Verano,2 - Martes
772,2016-08-03,9396,204,9600,5551922,120399,5672321,2016,8,Verano,3 - Miércoles
773,2016-08-04,9293,176,9469,5561215,120575,5681790,2016,8,Verano,4 - Jueves
774,2016-08-05,8371,191,8562,5569586,120766,5690352,2016,8,Verano,5 - Viernes
775,2016-08-06,5758,258,6016,5575344,121024,5696368,2016,8,Verano,6 - Sabádo
776,2016-08-07,5413,263,5676,5580757,121287,5702044,2016,8,Verano,7 - Domingo
777,2016-08-08,7363,205,7568,5588120,121492,5709612,2016,8,Verano,1 - Lunes
778,2016-08-09,7729,168,7897,5595849,121660,5717509,2016,8,Verano,2 - Martes
779,2016-08-10,7980,176,8156,5603829,121836,5725665,2016,8,Verano,3 - Miércoles
780,2016-08-11,7932,242,8174,5611761,122078,5733839,2016,8,Verano,4 - Jueves
781,2016-08-12,6981,274,7255,5618742,122352,5741094,2016,8,Verano,5 - Viernes
782,2016-08-13,5006,313,5319,5623748,122665,5746413,2016,8,Verano,6 - Sabádo
783,2016-08-14,4671,447,5118,5628419,123112,5751531,2016,8,Verano,7 - Domingo
784,2016-08-15,4916,352,5268,5633335,123464,5756799,2016,8,Verano,1 - Lunes
785,2016-08-16,7307,249,7556,5640642,123713,5764355,2016,8,Verano,2 - Martes
786,2016-08-17,7701,222,7923,5648343,123935,5772278,2016,8,Verano,3 - Miércoles
787,2016-08-18,7991,248,8239,5656334,124183,5780517,2016,8,Verano,4 - Jueves
788,2016-08-19,7511,232,7743,5663845,124415,5788260,2016,8,Verano,5 - Viernes
789,2016-08-20,5738,317,6055,5669583,124732,5794315,2016,8,Verano,6 - Sabádo
790,2016-08-21,5577,347,5924,5675160,125079,5800239,2016,8,Verano,7 - Domingo
791,2016-08-22,8095,176,8271,5683255,125255,5808510,2016,8,Verano,1 - Lunes
792,2016-08-23,8495,208,8703,5691750,125463,5817213,2016,8,Verano,2 - Martes
793,2016-08-24,9040,189,9229,5700790,125652,5826442,2016,8,Verano,3 - Miércoles
794,2016-08-25,9013,266,9279,5709803,125918,5835721,2016,8,Verano,4 - Jueves
795,2016-08-26,8348,201,8549,5718151,126119,5844270,2016,8,Verano,5 - Viernes
796,2016-08-27,6998,335,7333,5725149,126454,5851603,2016,8,Verano,6 - Sabádo
797,2016-08-28,6451,325,6776,5731600,126779,5858379,2016,8,Verano,7 - Domingo
798,2016-08-29,9176,143,9319,5740776,126922,5867698,2016,8,Verano,1 - Lunes
799,2016-08-30,10113,102,10215,5750889,127024,5877913,2016,8,Verano,2 - Martes
800,2016-08-31,10646,143,10789,5761535,127167,5888702,2016,8,Verano,3 - Miércoles
801,2016-09-01,10919,103,11022,5772454,127270,5899724,2016,9,Verano,4 - Jueves
802,2016-09-02,10929,133,11062,5783383,127403,5910786,2016,9,Verano,5 - Viernes
803,2016-09-03,8301,301,8602,5791684,127704,5919388,2016,9,Verano,6 - Sabádo
804,2016-09-04,7925,328,8253,5799609,128032,5927641,2016,9,Verano,7 - Domingo
805,2016-09-05,10470,123,10593,5810079,128155,5938234,2016,9,Verano,1 - Lunes
806,2016-09-06,10927,115,11042,5821006,128270,5949276,2016,9,Verano,2 - Martes
807,2016-09-07,11193,80,11273,5832199,128350,5960549,2016,9,Verano,3 - Miércoles
808,2016-09-08,11283,125,11408,5843482,128475,5971957,2016,9,Verano,4 - Jueves
809,2016-09-09,10819,143,10962,5854301,128618,5982919,2016,9,Verano,5 - Viernes
810,2016-09-10,7990,322,8312,5862291,128940,5991231,2016,9,Verano,6 - Sabádo
811,2016-09-11,7576,255,7831,5869867,129195,5999062,2016,9,Verano,7 - Domingo
812,2016-09-12,9565,138,9703,5879432,129333,6008765,2016,9,Verano,1 - Lunes
813,2016-09-13,8067,70,8137,5887499,129403,6016902,2016,9,Verano,2 - Martes
814,2016-09-14,9261,121,9382,5896760,129524,6026284,2016,9,Verano,3 - Miércoles
815,2016-09-15,9846,115,9961,5906606,129639,6036245,2016,9,Verano,4 - Jueves
816,2016-09-16,9495,151,9646,5916101,129790,6045891,2016,9,Verano,5 - Viernes
817,2016-09-17,7241,225,7466,5923342,130015,6053357,2016,9,Verano,6 - Sabádo
818,2016-09-18,6623,300,6923,5929965,130315,6060280,2016,9,Verano,7 - Domingo
819,2016-09-19,7953,103,8056,5937918,130418,6068336,2016,9,Verano,1 - Lunes
820,2016-09-20,8762,79,8841,5946680,130497,6077177,2016,9,Verano,2 - Martes
821,2016-09-21,8862,67,8929,5955542,130564,6086106,2016,9,Otoño,3 - Miércoles
822,2016-09-22,9039,94,9133,5964581,130658,6095239,2016,9,Otoño,4 - Jueves
823,2016-09-23,8378,97,8475,5972959,130755,6103714,2016,9,Otoño,5 - Viernes
824,2016-09-24,6482,256,6738,5979441,131011,6110452,2016,9,Otoño,6 - Sabádo
825,2016-09-25,5751,251,6002,5985192,131262,6116454,2016,9,Otoño,7 - Domingo
826,2016-09-26,6247,96,6343,5991439,131358,6122797,2016,9,Otoño,1 - Lunes
827,2016-09-27,7728,64,7792,5999167,131422,6130589,2016,9,Otoño,2 - Martes
828,2016-09-28,8299,67,8366,6007466,131489,6138955,2016,9,Otoño,3 - Miércoles
829,2016-09-29,8452,80,8532,6015918,131569,6147487,2016,9,Otoño,4 - Jueves
830,2016-09-30,8666,129,8795,6024584,131698,6156282,2016,9,Otoño,5 - Viernes
831,2016-10-01,7097,278,7375,6031681,131976,6163657,2016,10,Otoño,6 - Sabádo
832,2016-10-02,6789,364,7153,6038470,132340,6170810,2016,10,Otoño,7 - Domingo
833,2016-10-03,7955,92,8047,6046425,132432,6178857,2016,10,Otoño,1 - Lunes
834,2016-10-04,8608,76,8684,6055033,132508,6187541,2016,10,Otoño,2 - Martes
835,2016-10-05,8796,51,8847,6063829,132559,6196388,2016,10,Otoño,3 - Miércoles
836,2016-10-06,9093,87,9180,6072922,132646,6205568,2016,10,Otoño,4 - Jueves
837,2016-10-07,8688,154,8842,6081610,132800,6214410,2016,10,Otoño,5 - Viernes
838,2016-10-08,6889,348,7237,6088499,133148,6221647,2016,10,Otoño,6 - Sabádo
839,2016-10-09,6079,336,6415,6094578,133484,6228062,2016,10,Otoño,7 - Domingo
840,2016-10-10,7277,110,7387,6101855,133594,6235449,2016,10,Otoño,1 - Lunes
841,2016-10-11,8050,82,8132,6109905,133676,6243581,2016,10,Otoño,2 - Martes
842,2016-10-12,2759,22,2781,6112664,133698,6246362,2016,10,Otoño,3 - Miércoles
843,2016-10-13,4491,35,4526,6117155,133733,6250888,2016,10,Otoño,4 - Jueves
844,2016-10-14,6151,49,6200,6123306,133782,6257088,2016,10,Otoño,5 - Viernes
845,2016-10-15,5162,144,5306,6128468,133926,6262394,2016,10,Otoño,6 - Sabádo
846,2016-10-16,4381,180,4561,6132849,134106,6266955,2016,10,Otoño,7 - Domingo
847,2016-10-17,5113,70,5183,6137962,134176,6272138,2016,10,Otoño,1 - Lunes
848,2016-10-18,6263,44,6307,6144225,134220,6278445,2016,10,Otoño,2 - Martes
849,2016-10-19,4292,17,4309,6148517,134237,6282754,2016,10,Otoño,3 - Miércoles
850,2016-10-20,3888,14,3902,6152405,134251,6286656,2016,10,Otoño,4 - Jueves
851,2016-10-21,5610,68,5678,6158015,134319,6292334,2016,10,Otoño,5 - Viernes
852,2016-10-22,2604,43,2647,6160619,134362,6294981,2016,10,Otoño,6 - Sabádo
853,2016-10-23,1917,36,1953,6162536,134398,6296934,2016,10,Otoño,7 - Domingo
854,2016-10-24,3811,32,3843,6166347,134430,6300777,2016,10,Otoño,1 - Lunes
855,2016-10-25,5060,36,5096,6171407,134466,6305873,2016,10,Otoño,2 - Martes
856,2016-10-26,5920,60,5980,6177327,134526,6311853,2016,10,Otoño,3 - Miércoles
857,2016-10-27,5986,73,6059,6183313,134599,6317912,2016,10,Otoño,4 - Jueves
858,2016-10-28,5541,62,5603,6188854,134661,6323515,2016,10,Otoño,5 - Viernes
859,2016-10-29,4389,186,4575,6193243,134847,6328090,2016,10,Otoño,6 - Sabádo
860,2016-10-30,3617,255,3872,6196860,135102,6331962,2016,10,Otoño,7 - Domingo
861,2016-10-31,4701,117,4818,6201561,135219,6336780,2016,10,Otoño,1 - Lunes
862,2016-11-01,4235,168,4403,6205796,135387,6341183,2016,11,Otoño,2 - Martes
863,2016-11-02,5645,46,5691,6211441,135433,6346874,2016,11,Otoño,3 - Miércoles
864,2016-11-03,6153,58,6211,6217594,135491,6353085,2016,11,Otoño,4 - Jueves
865,2016-11-04,2947,18,2965,6220541,135509,6356050,2016,11,Otoño,5 - Viernes
866,2016-11-05,2166,19,2185,6222707,135528,6358235,2016,11,Otoño,6 - Sabádo
867,2016-11-06,3682,122,3804,6226389,135650,6362039,2016,11,Otoño,7 - Domingo
868,2016-11-07,4564,56,4620,6230953,135706,6366659,2016,11,Otoño,1 - Lunes
869,2016-11-08,5525,45,5570,6236478,135751,6372229,2016,11,Otoño,2 - Martes
870,2016-11-09,4031,61,4092,6240509,135812,6376321,2016,11,Otoño,3 - Miércoles
871,2016-11-10,5555,50,5605,6246064,135862,6381926,2016,11,Otoño,4 - Jueves
872,2016-11-11,5773,67,5840,6251837,135929,6387766,2016,11,Otoño,5 - Viernes
873,2016-11-12,4465,121,4586,6256302,136050,6392352,2016,11,Otoño,6 - Sabádo
874,2016-11-13,4276,144,4420,6260578,136194,6396772,2016,11,Otoño,7 - Domingo
875,2016-11-14,5138,35,5173,6265716,136229,6401945,2016,11,Otoño,1 - Lunes
876,2016-11-15,5148,57,5205,6270864,136286,6407150,2016,11,Otoño,2 - Martes
877,2016-11-16,5450,40,5490,6276314,136326,6412640,2016,11,Otoño,3 - Miércoles
878,2016-11-17,5774,39,5813,6282088,136365,6418453,2016,11,Otoño,4 - Jueves
879,2016-11-18,5858,67,5925,6287946,136432,6424378,2016,11,Otoño,5 - Viernes
880,2016-11-19,4556,183,4739,6292502,136615,6429117,2016,11,Otoño,6 - Sabádo
881,2016-11-20,1502,22,1524,6294004,136637,6430641,2016,11,Otoño,7 - Domingo
882,2016-11-21,4146,25,4171,6298150,136662,6434812,2016,11,Otoño,1 - Lunes
883,2016-11-22,4850,12,4862,6303000,136674,6439674,2016,11,Otoño,2 - Martes
884,2016-11-23,4312,12,4324,6307312,136686,6443998,2016,11,Otoño,3 - Miércoles
885,2016-11-24,5213,26,5239,6312525,136712,6449237,2016,11,Otoño,4 - Jueves
886,2016-11-25,2759,8,2767,6315284,136720,6452004,2016,11,Otoño,5 - Viernes
887,2016-11-26,1782,9,1791,6317066,136729,6453795,2016,11,Otoño,6 - Sabádo
888,2016-11-27,1802,18,1820,6318868,136747,6455615,2016,11,Otoño,7 - Domingo
889,2016-11-28,5310,62,5372,6324178,136809,6460987,2016,11,Otoño,1 - Lunes
890,2016-11-29,5299,27,5326,6329477,136836,6466313,2016,11,Otoño,2 - Martes
891,2016-11-30,5987,39,6026,6335464,136875,6472339,2016,11,Otoño,3 - Miércoles
892,2016-12-01,6249,23,6272,6341713,136898,6478611,2016,12,Otoño,4 - Jueves
893,2016-12-02,6511,45,6556,6348224,136943,6485167,2016,12,Otoño,5 - Viernes
894,2016-12-03,4623,173,4796,6352847,137116,6489963,2016,12,Otoño,6 - Sabádo
895,2016-12-04,1937,26,1963,6354784,137142,6491926,2016,12,Otoño,7 - Domingo
896,2016-12-05,5256,67,5323,6360040,137209,6497249,2016,12,Otoño,1 - Lunes
897,2016-12-06,4903,191,5094,6364943,137400,6502343,2016,12,Otoño,2 - Martes
898,2016-12-07,5971,61,6032,6370914,137461,6508375,2016,12,Otoño,3 - Miércoles
899,2016-12-08,4449,117,4566,6375363,137578,6512941,2016,12,Otoño,4 - Jueves
900,2016-12-09,5341,82,5423,6380704,137660,6518364,2016,12,Otoño,5 - Viernes
901,2016-12-10,4806,206,5012,6385510,137866,6523376,2016,12,Otoño,6 - Sabádo
902,2016-12-11,4386,134,4520,6389896,138000,6527896,2016,12,Otoño,7 - Domingo
903,2016-12-12,5650,30,5680,6395546,138030,6533576,2016,12,Otoño,1 - Lunes
904,2016-12-13,5799,25,5824,6401345,138055,6539400,2016,12,Otoño,2 - Martes
905,2016-12-14,5191,15,5206,6406536,138070,6544606,2016,12,Otoño,3 - Miércoles
906,2016-12-15,4259,15,4274,6410795,138085,6548880,2016,12,Otoño,4 - Jueves
907,2016-12-16,4169,14,4183,6414964,138099,6553063,2016,12,Otoño,5 - Viernes
908,2016-12-17,5660,117,5777,6420624,138216,6558840,2016,12,Otoño,6 - Sabádo
909,2016-12-18,4624,111,4735,6425248,138327,6563575,2016,12,Otoño,7 - Domingo
910,2016-12-19,5723,54,5777,6430971,138381,6569352,2016,12,Otoño,1 - Lunes
911,2016-12-20,6158,50,6208,6437129,138431,6575560,2016,12,Otoño,2 - Martes
912,2016-12-21,6711,67,6778,6443840,138498,6582338,2016,12,Invierno,3 - Miércoles
913,2016-12-22,6676,46,6722,6450516,138544,6589060,2016,12,Invierno,4 - Jueves
914,2016-12-23,5949,102,6051,6456465,138646,6595111,2016,12,Invierno,5 - Viernes
915,2016-12-24,3265,87,3352,6459730,138733,6598463,2016,12,Invierno,6 - Sabádo
916,2016-12-25,1911,116,2027,6461641,138849,6600490,2016,12,Invierno,7 - Domingo
917,2016-12-26,2996,131,3127,6464637,138980,6603617,2016,12,Invierno,1 - Lunes
918,2016-12-27,4799,160,4959,6469436,139140,6608576,2016,12,Invierno,2 - Martes
919,2016-12-28,5185,247,5432,6474621,139387,6614008,2016,12,Invierno,3 - Miércoles
920,2016-12-29,5561,211,5772,6480182,139598,6619780,2016,12,Invierno,4 - Jueves
921,2016-12-30,4972,208,5180,6485154,139806,6624960,2016,12,Invierno,5 - Viernes
922,2016-12-31,2696,103,2799,6487850,139909,6627759,2016,12,Invierno,6 - Sabádo
923,2017-01-01,1767,133,1900,6489617,140042,6629659,2017,1,Invierno,7 - Domingo
924,2017-01-02,3297,116,3413,6492914,140158,6633072,2017,1,Invierno,1 - Lunes
925,2017-01-03,4507,156,4663,6497421,140314,6637735,2017,1,Invierno,2 - Martes
926,2017-01-04,5214,162,5376,6502635,140476,6643111,2017,1,Invierno,3 - Miércoles
927,2017-01-05,5077,118,5195,6507712,140594,6648306,2017,1,Invierno,4 - Jueves
928,2017-01-06,2934,161,3095,6510646,140755,6651401,2017,1,Invierno,5 - Viernes
929,2017-01-07,4030,111,4141,6514676,140866,6655542,2017,1,Invierno,6 - Sabádo
930,2017-01-08,3760,97,3857,6518436,140963,6659399,2017,1,Invierno,7 - Domingo
931,2017-01-09,5686,76,5762,6524122,141039,6665161,2017,1,Invierno,1 - Lunes
932,2017-01-10,6221,55,6276,6530343,141094,6671437,2017,1,Invierno,2 - Martes
933,2017-01-11,6974,54,7028,6537317,141148,6678465,2017,1,Invierno,3 - Miércoles
934,2017-01-12,6788,77,6865,6544105,141225,6685330,2017,1,Invierno,4 - Jueves
935,2017-01-13,6743,105,6848,6550848,141330,6692178,2017,1,Invierno,5 - Viernes
936,2017-01-14,5080,149,5229,6555928,141479,6697407,2017,1,Invierno,6 - Sabádo
937,2017-01-15,4234,139,4373,6560162,141618,6701780,2017,1,Invierno,7 - Domingo
938,2017-01-16,6036,54,6090,6566198,141672,6707870,2017,1,Invierno,1 - Lunes
939,2017-01-17,5961,34,5995,6572159,141706,6713865,2017,1,Invierno,2 - Martes
940,2017-01-18,5328,47,5375,6577487,141753,6719240,2017,1,Invierno,3 - Miércoles
941,2017-01-19,5084,55,5139,6582571,141808,6724379,2017,1,Invierno,4 - Jueves
942,2017-01-20,5243,55,5298,6587814,141863,6729677,2017,1,Invierno,5 - Viernes
943,2017-01-21,4548,119,4667,6592362,141982,6734344,2017,1,Invierno,6 - Sabádo
944,2017-01-22,4003,96,4099,6596365,142078,6738443,2017,1,Invierno,7 - Domingo
945,2017-01-23,5768,35,5803,6602133,142113,6744246,2017,1,Invierno,1 - Lunes
946,2017-01-24,6515,25,6540,6608648,142138,6750786,2017,1,Invierno,2 - Martes
947,2017-01-25,6435,37,6472,6615083,142175,6757258,2017,1,Invierno,3 - Miércoles
948,2017-01-26,6187,17,6204,6621270,142192,6763462,2017,1,Invierno,4 - Jueves
949,2017-01-27,4038,10,4048,6625308,142202,6767510,2017,1,Invierno,5 - Viernes
950,2017-01-28,4479,141,4620,6629787,142343,6772130,2017,1,Invierno,6 - Sabádo
951,2017-01-29,2874,52,2926,6632661,142395,6775056,2017,1,Invierno,7 - Domingo
952,2017-01-30,5438,67,5505,6638099,142462,6780561,2017,1,Invierno,1 - Lunes
953,2017-01-31,6756,45,6801,6644855,142507,6787362,2017,1,Invierno,2 - Martes
954,2017-02-01,6245,53,6298,6651100,142560,6793660,2017,2,Invierno,3 - Miércoles
955,2017-02-02,5170,39,5209,6656270,142599,6798869,2017,2,Invierno,4 - Jueves
956,2017-02-03,5573,49,5622,6661843,142648,6804491,2017,2,Invierno,5 - Viernes
957,2017-02-04,4093,74,4167,6665936,142722,6808658,2017,2,Invierno,6 - Sabádo
958,2017-02-05,3967,97,4064,6669903,142819,6812722,2017,2,Invierno,7 - Domingo
959,2017-02-06,6602,49,6651,6676505,142868,6819373,2017,2,Invierno,1 - Lunes
960,2017-02-07,6097,20,6117,6682602,142888,6825490,2017,2,Invierno,2 - Martes
961,2017-02-08,7163,19,7182,6689765,142907,6832672,2017,2,Invierno,3 - Miércoles
962,2017-02-09,7020,42,7062,6696785,142949,6839734,2017,2,Invierno,4 - Jueves
963,2017-02-10,4641,18,4659,6701426,142967,6844393,2017,2,Invierno,5 - Viernes
964,2017-02-11,2477,27,2504,6703903,142994,6846897,2017,2,Invierno,6 - Sabádo
965,2017-02-12,1929,14,1943,6705832,143008,6848840,2017,2,Invierno,7 - Domingo
966,2017-02-13,5536,36,5572,6711368,143044,6854412,2017,2,Invierno,1 - Lunes
967,2017-02-14,6990,82,7072,6718358,143126,6861484,2017,2,Invierno,2 - Martes
968,2017-02-15,7583,93,7676,6725941,143219,6869160,2017,2,Invierno,3 - Miércoles
969,2017-02-16,7515,107,7622,6733456,143326,6876782,2017,2,Invierno,4 - Jueves
970,2017-02-17,7240,141,7381,6740696,143467,6884163,2017,2,Invierno,5 - Viernes
971,2017-02-18,5624,222,5846,6746320,143689,6890009,2017,2,Invierno,6 - Sabádo
972,2017-02-19,5006,326,5332,6751326,144015,6895341,2017,2,Invierno,7 - Domingo
973,2017-02-20,7069,105,7174,6758395,144120,6902515,2017,2,Invierno,1 - Lunes
974,2017-02-21,7568,120,7688,6765963,144240,6910203,2017,2,Invierno,2 - Martes
975,2017-02-22,8019,97,8116,6773982,144337,6918319,2017,2,Invierno,3 - Miércoles
976,2017-02-23,7093,99,7192,6781075,144436,6925511,2017,2,Invierno,4 - Jueves
977,2017-02-24,8240,144,8384,6789315,144580,6933895,2017,2,Invierno,5 - Viernes
978,2017-02-25,6264,397,6661,6795579,144977,6940556,2017,2,Invierno,6 - Sabádo
979,2017-02-26,5421,328,5749,6801000,145305,6946305,2017,2,Invierno,7 - Domingo
980,2017-02-27,7052,174,7226,6808052,145479,6953531,2017,2,Invierno,1 - Lunes
981,2017-02-28,7552,100,7652,6815604,145579,6961183,2017,2,Invierno,2 - Martes
982,2017-03-01,8361,81,8442,6823965,145660,6969625,2017,3,Invierno,3 - Miércoles
983,2017-03-02,8320,114,8434,6832285,145774,6978059,2017,3,Invierno,4 - Jueves
984,2017-03-03,5411,47,5458,6837696,145821,6983517,2017,3,Invierno,5 - Viernes
985,2017-03-04,5072,159,5231,6842768,145980,6988748,2017,3,Invierno,6 - Sabádo
986,2017-03-05,4633,164,4797,6847401,146144,6993545,2017,3,Invierno,7 - Domingo
987,2017-03-06,7913,48,7961,6855314,146192,7001506,2017,3,Invierno,1 - Lunes
988,2017-03-07,8776,79,8855,6864090,146271,7010361,2017,3,Invierno,2 - Martes
989,2017-03-08,9521,101,9622,6873611,146372,7019983,2017,3,Invierno,3 - Miércoles
990,2017-03-09,9760,107,9867,6883371,146479,7029850,2017,3,Invierno,4 - Jueves
991,2017-03-10,9826,206,10032,6893197,146685,7039882,2017,3,Invierno,5 - Viernes
992,2017-03-11,7473,437,7910,6900670,147122,7047792,2017,3,Invierno,6 - Sabádo
993,2017-03-12,6152,376,6528,6906822,147498,7054320,2017,3,Invierno,7 - Domingo
994,2017-03-13,7128,95,7223,6913950,147593,7061543,2017,3,Invierno,1 - Lunes
995,2017-03-14,8414,83,8497,6922364,147676,7070040,2017,3,Invierno,2 - Martes
996,2017-03-15,9387,124,9511,6931751,147800,7079551,2017,3,Invierno,3 - Miércoles
997,2017-03-16,9654,128,9782,6941405,147928,7089333,2017,3,Invierno,4 - Jueves
998,2017-03-17,8362,147,8509,6949767,148075,7097842,2017,3,Invierno,5 - Viernes
999,2017-03-18,5929,444,6373,6955696,148519,7104215,2017,3,Invierno,6 - Sabádo
1000,2017-03-19,5390,491,5881,6961086,149010,7110096,2017,3,Invierno,7 - Domingo
1001,2017-03-20,5861,419,6280,6966947,149429,7116376,2017,3,Invierno,1 - Lunes
1002,2017-03-21,8200,116,8316,6975147,149545,7124692,2017,3,Primavera,2 - Martes
1003,2017-03-22,6181,30,6211,6981328,149575,7130903,2017,3,Primavera,3 - Miércoles
1004,2017-03-23,5235,29,5264,6986563,149604,7136167,2017,3,Primavera,4 - Jueves
1005,2017-03-24,5633,57,5690,6992196,149661,7141857,2017,3,Primavera,5 - Viernes
1006,2017-03-25,4698,148,4846,6996894,149809,7146703,2017,3,Primavera,6 - Sabádo
1007,2017-03-26,4645,166,4811,7001539,149975,7151514,2017,3,Primavera,7 - Domingo
1008,2017-03-27,6577,104,6681,7008116,150079,7158195,2017,3,Primavera,1 - Lunes
1009,2017-03-28,8513,92,8605,7016629,150171,7166800,2017,3,Primavera,2 - Martes
1010,2017-03-29,9173,112,9285,7025802,150283,7176085,2017,3,Primavera,3 - Miércoles
1011,2017-03-30,9459,136,9595,7035261,150419,7185680,2017,3,Primavera,4 - Jueves
1012,2017-03-31,9382,141,9523,7044643,150560,7195203,2017,3,Primavera,5 - Viernes
1013,2017-04-01,6999,379,7378,7051642,150939,7202581,2017,4,Primavera,6 - Sabádo
1014,2017-04-02,6737,336,7073,7058379,151275,7209654,2017,4,Primavera,7 - Domingo
1015,2017-04-03,8290,160,8450,7066669,151435,7218104,2017,4,Primavera,1 - Lunes
1016,2017-04-04,9173,128,9301,7075842,151563,7227405,2017,4,Primavera,2 - Martes
1017,2017-04-05,8953,112,9065,7084795,151675,7236470,2017,4,Primavera,3 - Miércoles
1018,2017-04-06,9001,110,9111,7093796,151785,7245581,2017,4,Primavera,4 - Jueves
1019,2017-04-07,8972,154,9126,7102768,151939,7254707,2017,4,Primavera,5 - Viernes
1020,2017-04-08,6919,364,7283,7109687,152303,7261990,2017,4,Primavera,6 - Sabádo
1021,2017-04-09,6272,452,6724,7115959,152755,7268714,2017,4,Primavera,7 - Domingo
1022,2017-04-10,7576,277,7853,7123535,153032,7276567,2017,4,Primavera,1 - Lunes
1023,2017-04-11,7694,289,7983,7131229,153321,7284550,2017,4,Primavera,2 - Martes
1024,2017-04-12,6985,298,7283,7138214,153619,7291833,2017,4,Primavera,3 - Miércoles
1025,2017-04-13,4233,368,4601,7142447,153987,7296434,2017,4,Primavera,4 - Jueves
1026,2017-04-14,4056,427,4483,7146503,154414,7300917,2017,4,Primavera,5 - Viernes
1027,2017-04-15,4300,602,4902,7150803,155016,7305819,2017,4,Primavera,6 - Sabádo
1028,2017-04-16,4757,564,5321,7155560,155580,7311140,2017,4,Primavera,7 - Domingo
1029,2017-04-17,8567,382,8949,7164127,155962,7320089,2017,4,Primavera,1 - Lunes
1030,2017-04-18,9908,213,10121,7174035,156175,7330210,2017,4,Primavera,2 - Martes
1031,2017-04-19,9269,161,9430,7183304,156336,7339640,2017,4,Primavera,3 - Miércoles
1032,2017-04-20,8928,155,9083,7192232,156491,7348723,2017,4,Primavera,4 - Jueves
1033,2017-04-21,9973,206,10179,7202205,156697,7358902,2017,4,Primavera,5 - Viernes
1034,2017-04-22,7539,415,7954,7209744,157112,7366856,2017,4,Primavera,6 - Sabádo
1035,2017-04-23,8660,583,9243,7218404,157695,7376099,2017,4,Primavera,7 - Domingo
1036,2017-04-24,9476,274,9750,7227880,157969,7385849,2017,4,Primavera,1 - Lunes
1037,2017-04-25,9410,123,9533,7237290,158092,7395382,2017,4,Primavera,2 - Martes
1038,2017-04-26,9664,91,9755,7246954,158183,7405137,2017,4,Primavera,3 - Miércoles
1039,2017-04-27,8761,61,8822,7255715,158244,7413959,2017,4,Primavera,4 - Jueves
1040,2017-04-28,8217,124,8341,7263932,158368,7422300,2017,4,Primavera,5 - Viernes
1041,2017-04-29,3229,115,3344,7267161,158483,7425644,2017,4,Primavera,6 - Sabádo
1042,2017-04-30,3278,144,3422,7270439,158627,7429066,2017,4,Primavera,7 - Domingo
1043,2017-05-01,4831,393,5224,7275270,159020,7434290,2017,5,Primavera,1 - Lunes
1044,2017-05-02,6477,293,6770,7281747,159313,7441060,2017,5,Primavera,2 - Martes
1045,2017-05-03,9878,132,10010,7291625,159445,7451070,2017,5,Primavera,3 - Miércoles
1046,2017-05-04,10442,91,10533,7302067,159536,7461603,2017,5,Primavera,4 - Jueves
1047,2017-05-05,9076,103,9179,7311143,159639,7470782,2017,5,Primavera,5 - Viernes
1048,2017-05-06,7831,389,8220,7318974,160028,7479002,2017,5,Primavera,6 - Sabádo
1049,2017-05-07,8158,423,8581,7327132,160451,7487583,2017,5,Primavera,7 - Domingo
1050,2017-05-08,10266,185,10451,7337398,160636,7498034,2017,5,Primavera,1 - Lunes
1051,2017-05-09,10925,206,11131,7348323,160842,7509165,2017,5,Primavera,2 - Martes
1052,2017-05-10,10571,124,10695,7358894,160966,7519860,2017,5,Primavera,3 - Miércoles
1053,2017-05-11,7074,54,7128,7365968,161020,7526988,2017,5,Primavera,4 - Jueves
1054,2017-05-12,7119,61,7180,7373087,161081,7534168,2017,5,Primavera,5 - Viernes
1055,2017-05-13,7036,323,7359,7380123,161404,7541527,2017,5,Primavera,6 - Sabádo
1056,2017-05-14,7447,509,7956,7387570,161913,7549483,2017,5,Primavera,7 - Domingo
1057,2017-05-15,7761,448,8209,7395331,162361,7557692,2017,5,Primavera,1 - Lunes
1058,2017-05-16,10710,181,10891,7406041,162542,7568583,2017,5,Primavera,2 - Martes
1059,2017-05-17,11183,141,11324,7417224,162683,7579907,2017,5,Primavera,3 - Miércoles
1060,2017-05-18,10534,159,10693,7427758,162842,7590600,2017,5,Primavera,4 - Jueves
1061,2017-05-19,11251,210,11461,7439009,163052,7602061,2017,5,Primavera,5 - Viernes
1062,2017-05-20,9100,434,9534,7448109,163486,7611595,2017,5,Primavera,6 - Sabádo
1063,2017-05-21,7967,402,8369,7456076,163888,7619964,2017,5,Primavera,7 - Domingo
1064,2017-05-22,11221,210,11431,7467297,164098,7631395,2017,5,Primavera,1 - Lunes
1065,2017-05-23,11643,228,11871,7478940,164326,7643266,2017,5,Primavera,2 - Martes
1066,2017-05-24,12265,210,12475,7491205,164536,7655741,2017,5,Primavera,3 - Miércoles
1067,2017-05-25,12466,281,12747,7503671,164817,7668488,2017,5,Primavera,4 - Jueves
1068,2017-05-26,12293,300,12593,7515964,165117,7681081,2017,5,Primavera,5 - Viernes
1069,2017-05-27,10032,586,10618,7525996,165703,7691699,2017,5,Primavera,6 - Sabádo
1070,2017-05-28,8820,678,9498,7534816,166381,7701197,2017,5,Primavera,7 - Domingo
1071,2017-05-29,11405,235,11640,7546221,166616,7712837,2017,5,Primavera,1 - Lunes
1072,2017-05-30,12445,178,12623,7558666,166794,7725460,2017,5,Primavera,2 - Martes
1073,2017-05-31,12795,185,12980,7571461,166979,7738440,2017,5,Primavera,3 - Miércoles
1074,2017-06-01,13450,132,13582,7584911,167111,7752022,2017,6,Primavera,4 - Jueves
1075,2017-06-02,12453,198,12651,7597364,167309,7764673,2017,6,Primavera,5 - Viernes
1076,2017-06-03,9006,377,9383,7606370,167686,7774056,2017,6,Primavera,6 - Sabádo
1077,2017-06-04,9061,270,9331,7615431,167956,7783387,2017,6,Primavera,7 - Domingo
1078,2017-06-05,11299,182,11481,7626730,168138,7794868,2017,6,Primavera,1 - Lunes
1079,2017-06-06,12320,176,12496,7639050,168314,7807364,2017,6,Primavera,2 - Martes
1080,2017-06-07,12873,190,13063,7651923,168504,7820427,2017,6,Primavera,3 - Miércoles
1081,2017-06-08,13128,211,13339,7665051,168715,7833766,2017,6,Primavera,4 - Jueves
1082,2017-06-09,12915,232,13147,7677966,168947,7846913,2017,6,Primavera,5 - Viernes
1083,2017-06-10,9813,402,10215,7687779,169349,7857128,2017,6,Primavera,6 - Sabádo
1084,2017-06-11,9001,407,9408,7696780,169756,7866536,2017,6,Primavera,7 - Domingo
1085,2017-06-12,11676,226,11902,7708456,169982,7878438,2017,6,Primavera,1 - Lunes
1086,2017-06-13,12425,160,12585,7720881,170142,7891023,2017,6,Primavera,2 - Martes
1087,2017-06-14,13021,115,13136,7733902,170257,7904159,2017,6,Primavera,3 - Miércoles
1088,2017-06-15,12870,126,12996,7746772,170383,7917155,2017,6,Primavera,4 - Jueves
1089,2017-06-16,12229,159,12388,7759001,170542,7929543,2017,6,Primavera,5 - Viernes
1090,2017-06-17,8785,285,9070,7767786,170827,7938613,2017,6,Primavera,6 - Sabádo
1091,2017-06-18,7718,205,7923,7775504,171032,7946536,2017,6,Primavera,7 - Domingo
1092,2017-06-19,12197,140,12337,7787701,171172,7958873,2017,6,Primavera,1 - Lunes
1093,2017-06-20,12409,129,12538,7800110,171301,7971411,2017,6,Primavera,2 - Martes
1094,2017-06-21,13700,180,13880,7813810,171481,7985291,2017,6,Verano,3 - Miércoles
1095,2017-06-22,13718,192,13910,7827528,171673,7999201,2017,6,Verano,4 - Jueves
1096,2017-06-23,12616,178,12794,7840144,171851,8011995,2017,6,Verano,5 - Viernes
1097,2017-06-24,8943,351,9294,7849087,172202,8021289,2017,6,Verano,6 - Sabádo
1098,2017-06-25,7153,317,7470,7856240,172519,8028759,2017,6,Verano,7 - Domingo
1099,2017-06-26,11538,162,11700,7867778,172681,8040459,2017,6,Verano,1 - Lunes
1100,2017-06-27,12991,183,13174,7880769,172864,8053633,2017,6,Verano,2 - Martes
1101,2017-06-28,13018,186,13204,7893787,173050,8066837,2017,6,Verano,3 - Miércoles
1102,2017-06-29,12721,145,12866,7906508,173195,8079703,2017,6,Verano,4 - Jueves
1103,2017-06-30,11515,185,11700,7918023,173380,8091403,2017,6,Verano,5 - Viernes
1104,2017-07-01,8144,266,8410,7926167,173646,8099813,2017,7,Verano,6 - Sabádo
1105,2017-07-02,7340,305,7645,7933507,173951,8107458,2017,7,Verano,7 - Domingo
1106,2017-07-03,11905,256,12161,7945412,174207,8119619,2017,7,Verano,1 - Lunes
1107,2017-07-04,12701,214,12915,7958113,174421,8132534,2017,7,Verano,2 - Martes
1108,2017-07-05,13090,265,13355,7971203,174686,8145889,2017,7,Verano,3 - Miércoles
1109,2017-07-06,6135,69,6204,7977338,174755,8152093,2017,7,Verano,4 - Jueves
1110,2017-07-07,7721,101,7822,7985059,174856,8159915,2017,7,Verano,5 - Viernes
1111,2017-07-08,7588,315,7903,7992647,175171,8167818,2017,7,Verano,6 - Sabádo
1112,2017-07-09,7862,468,8330,8000509,175639,8176148,2017,7,Verano,7 - Domingo
1113,2017-07-10,11684,289,11973,8012193,175928,8188121,2017,7,Verano,1 - Lunes
1114,2017-07-11,12355,169,12524,8024548,176097,8200645,2017,7,Verano,2 - Martes
1115,2017-07-12,12603,162,12765,8037151,176259,8213410,2017,7,Verano,3 - Miércoles
1116,2017-07-13,12358,188,12546,8049509,176447,8225956,2017,7,Verano,4 - Jueves
1117,2017-07-14,11208,186,11394,8060717,176633,8237350,2017,7,Verano,5 - Viernes
1118,2017-07-15,7354,226,7580,8068071,176859,8244930,2017,7,Verano,6 - Sabádo
1119,2017-07-16,7256,307,7563,8075327,177166,8252493,2017,7,Verano,7 - Domingo
1120,2017-07-17,11127,193,11320,8086454,177359,8263813,2017,7,Verano,1 - Lunes
1121,2017-07-18,11844,167,12011,8098298,177526,8275824,2017,7,Verano,2 - Martes
1122,2017-07-19,12203,179,12382,8110501,177705,8288206,2017,7,Verano,3 - Miércoles
1123,2017-07-20,12439,177,12616,8122940,177882,8300822,2017,7,Verano,4 - Jueves
1124,2017-07-21,11433,193,11626,8134373,178075,8312448,2017,7,Verano,5 - Viernes
1125,2017-07-22,7682,378,8060,8142055,178453,8320508,2017,7,Verano,6 - Sabádo
1126,2017-07-23,6796,285,7081,8148851,178738,8327589,2017,7,Verano,7 - Domingo
1127,2017-07-24,10956,136,11092,8159807,178874,8338681,2017,7,Verano,1 - Lunes
1128,2017-07-25,11613,204,11817,8171420,179078,8350498,2017,7,Verano,2 - Martes
1129,2017-07-26,12065,137,12202,8183485,179215,8362700,2017,7,Verano,3 - Miércoles
1130,2017-07-27,12414,204,12618,8195899,179419,8375318,2017,7,Verano,4 - Jueves
1131,2017-07-28,11344,219,11563,8207243,179638,8386881,2017,7,Verano,5 - Viernes
1132,2017-07-29,7169,281,7450,8214412,179919,8394331,2017,7,Verano,6 - Sabádo
1133,2017-07-30,6490,293,6783,8220902,180212,8401114,2017,7,Verano,7 - Domingo
1134,2017-07-31,9759,258,10017,8230661,180470,8411131,2017,7,Verano,1 - Lunes
1135,2017-08-01,9935,177,10112,8240596,180647,8421243,2017,8,Verano,2 - Martes
1136,2017-08-02,10519,190,10709,8251115,180837,8431952,2017,8,Verano,3 - Miércoles
1137,2017-08-03,10228,199,10427,8261343,181036,8442379,2017,8,Verano,4 - Jueves
1138,2017-08-04,9207,210,9417,8270550,181246,8451796,2017,8,Verano,5 - Viernes
1139,2017-08-05,6235,223,6458,8276785,181469,8458254,2017,8,Verano,6 - Sabádo
1140,2017-08-06,5801,297,6098,8282586,181766,8464352,2017,8,Verano,7 - Domingo
1141,2017-08-07,8553,193,8746,8291139,181959,8473098,2017,8,Verano,1 - Lunes
1142,2017-08-08,8844,262,9106,8299983,182221,8482204,2017,8,Verano,2 - Martes
1143,2017-08-09,8764,216,8980,8308747,182437,8491184,2017,8,Verano,3 - Miércoles
1144,2017-08-10,8440,197,8637,8317187,182634,8499821,2017,8,Verano,4 - Jueves
1145,2017-08-11,7573,272,7845,8324760,182906,8507666,2017,8,Verano,5 - Viernes
1146,2017-08-12,5341,333,5674,8330101,183239,8513340,2017,8,Verano,6 - Sabádo
1147,2017-08-13,4973,462,5435,8335074,183701,8518775,2017,8,Verano,7 - Domingo
1148,2017-08-14,6536,316,6852,8341610,184017,8525627,2017,8,Verano,1 - Lunes
1149,2017-08-15,5781,316,6097,8347391,184333,8531724,2017,8,Verano,2 - Martes
1150,2017-08-16,8001,292,8293,8355392,184625,8540017,2017,8,Verano,3 - Miércoles
1151,2017-08-17,8472,277,8749,8363864,184902,8548766,2017,8,Verano,4 - Jueves
1152,2017-08-18,7692,222,7914,8371556,185124,8556680,2017,8,Verano,5 - Viernes
1153,2017-08-19,5766,328,6094,8377322,185452,8562774,2017,8,Verano,6 - Sabádo
1154,2017-08-20,5657,337,5994,8382979,185789,8568768,2017,8,Verano,7 - Domingo
1155,2017-08-21,8469,241,8710,8391448,186030,8577478,2017,8,Verano,1 - Lunes
1156,2017-08-22,9130,187,9317,8400578,186217,8586795,2017,8,Verano,2 - Martes
1157,2017-08-23,9430,212,9642,8410008,186429,8596437,2017,8,Verano,3 - Miércoles
1158,2017-08-24,9699,219,9918,8419707,186648,8606355,2017,8,Verano,4 - Jueves
1159,2017-08-25,9107,237,9344,8428814,186885,8615699,2017,8,Verano,5 - Viernes
1160,2017-08-26,6860,373,7233,8435674,187258,8622932,2017,8,Verano,6 - Sabádo
1161,2017-08-27,6348,349,6697,8442022,187607,8629629,2017,8,Verano,7 - Domingo
1162,2017-08-28,5877,88,5965,8447899,187695,8635594,2017,8,Verano,1 - Lunes
1163,2017-08-29,10215,235,10450,8458114,187930,8646044,2017,8,Verano,2 - Martes
1164,2017-08-30,11224,161,11385,8469338,188091,8657429,2017,8,Verano,3 - Miércoles
1165,2017-08-31,12064,154,12218,8481402,188245,8669647,2017,8,Verano,4 - Jueves
1166,2017-09-01,12042,179,12221,8493444,188424,8681868,2017,9,Verano,5 - Viernes
1167,2017-09-02,8727,446,9173,8502171,188870,8691041,2017,9,Verano,6 - Sabádo
1168,2017-09-03,8863,449,9312,8511034,189319,8700353,2017,9,Verano,7 - Domingo
1169,2017-09-04,12386,261,12647,8523420,189580,8713000,2017,9,Verano,1 - Lunes
1170,2017-09-05,13437,212,13649,8536857,189792,8726649,2017,9,Verano,2 - Martes
1171,2017-09-06,14052,232,14284,8550909,190024,8740933,2017,9,Verano,3 - Miércoles
1172,2017-09-07,14092,257,14349,8565001,190281,8755282,2017,9,Verano,4 - Jueves
1173,2017-09-08,13481,325,13806,8578482,190606,8769088,2017,9,Verano,5 - Viernes
1174,2017-09-09,9634,341,9975,8588116,190947,8779063,2017,9,Verano,6 - Sabádo
1175,2017-09-10,8958,427,9385,8597074,191374,8788448,2017,9,Verano,7 - Domingo
1176,2017-09-11,12666,213,12879,8609740,191587,8801327,2017,9,Verano,1 - Lunes
1177,2017-09-12,13674,166,13840,8623414,191753,8815167,2017,9,Verano,2 - Martes
1178,2017-09-13,14269,224,14493,8637683,191977,8829660,2017,9,Verano,3 - Miércoles
1179,2017-09-14,14288,196,14484,8651971,192173,8844144,2017,9,Verano,4 - Jueves
1180,2017-09-15,13109,200,13309,8665080,192373,8857453,2017,9,Verano,5 - Viernes
1181,2017-09-16,9434,386,9820,8674514,192759,8867273,2017,9,Verano,6 - Sabádo
1182,2017-09-17,9218,419,9637,8683732,193178,8876910,2017,9,Verano,7 - Domingo
1183,2017-09-18,12353,156,12509,8696085,193334,8889419,2017,9,Verano,1 - Lunes
1184,2017-09-19,13438,153,13591,8709523,193487,8903010,2017,9,Verano,2 - Martes
1185,2017-09-20,14130,198,14328,8723653,193685,8917338,2017,9,Verano,3 - Miércoles
1186,2017-09-21,14023,170,14193,8737676,193855,8931531,2017,9,Otoño,4 - Jueves
1187,2017-09-22,13325,305,13630,8751001,194160,8945161,2017,9,Otoño,5 - Viernes
1188,2017-09-23,10329,495,10824,8761330,194655,8955985,2017,9,Otoño,6 - Sabádo
1189,2017-09-24,9904,499,10403,8771234,195154,8966388,2017,9,Otoño,7 - Domingo
1190,2017-09-25,12789,181,12970,8784023,195335,8979358,2017,9,Otoño,1 - Lunes
1191,2017-09-26,13612,209,13821,8797635,195544,8993179,2017,9,Otoño,2 - Martes
1192,2017-09-27,13872,186,14058,8811507,195730,9007237,2017,9,Otoño,3 - Miércoles
1193,2017-09-28,14228,212,14440,8825735,195942,9021677,2017,9,Otoño,4 - Jueves
1194,2017-09-29,14455,258,14713,8840190,196200,9036390,2017,9,Otoño,5 - Viernes
1195,2017-09-30,11151,474,11625,8851341,196674,9048015,2017,9,Otoño,6 - Sabádo
1196,2017-10-01,10292,590,10882,8861633,197264,9058897,2017,10,Otoño,7 - Domingo
1197,2017-10-02,13104,204,13308,8874737,197468,9072205,2017,10,Otoño,1 - Lunes
1198,2017-10-03,14254,241,14495,8888991,197709,9086700,2017,10,Otoño,2 - Martes
1199,2017-10-04,14474,156,14630,8903465,197865,9101330,2017,10,Otoño,3 - Miércoles
1200,2017-10-05,15044,263,15307,8918509,198128,9116637,2017,10,Otoño,4 - Jueves
1201,2017-10-06,14563,239,14802,8933072,198367,9131439,2017,10,Otoño,5 - Viernes
1202,2017-10-07,11344,416,11760,8944416,198783,9143199,2017,10,Otoño,6 - Sabádo
1203,2017-10-08,10601,497,11098,8955017,199280,9154297,2017,10,Otoño,7 - Domingo
1204,2017-10-09,13186,251,13437,8968203,199531,9167734,2017,10,Otoño,1 - Lunes
1205,2017-10-10,13659,140,13799,8981862,199671,9181533,2017,10,Otoño,2 - Martes
1206,2017-10-11,14067,158,14225,8995929,199829,9195758,2017,10,Otoño,3 - Miércoles
1207,2017-10-12,10097,396,10493,9006026,200225,9206251,2017,10,Otoño,4 - Jueves
1208,2017-10-13,11312,365,11677,9017338,200590,9217928,2017,10,Otoño,5 - Viernes
1209,2017-10-14,9223,587,9810,9026561,201177,9227738,2017,10,Otoño,6 - Sabádo
1210,2017-10-15,9250,481,9731,9035811,201658,9237469,2017,10,Otoño,7 - Domingo
1211,2017-10-16,12837,208,13045,9048648,201866,9250514,2017,10,Otoño,1 - Lunes
1212,2017-10-17,11316,142,11458,9059964,202008,9261972,2017,10,Otoño,2 - Martes
1213,2017-10-18,6339,38,6377,9066303,202046,9268349,2017,10,Otoño,3 - Miércoles
1214,2017-10-19,12290,139,12429,9078593,202185,9280778,2017,10,Otoño,4 - Jueves
1215,2017-10-20,13326,149,13475,9091919,202334,9294253,2017,10,Otoño,5 - Viernes
1216,2017-10-21,10759,363,11122,9102678,202697,9305375,2017,10,Otoño,6 - Sabádo
1217,2017-10-22,10423,459,10882,9113101,203156,9316257,2017,10,Otoño,7 - Domingo
1218,2017-10-23,12131,221,12352,9125232,203377,9328609,2017,10,Otoño,1 - Lunes
1219,2017-10-24,13290,149,13439,9138522,203526,9342048,2017,10,Otoño,2 - Martes
1220,2017-10-25,13835,136,13971,9152357,203662,9356019,2017,10,Otoño,3 - Miércoles
1221,2017-10-26,14274,186,14460,9166631,203848,9370479,2017,10,Otoño,4 - Jueves
1222,2017-10-27,14110,269,14379,9180741,204117,9384858,2017,10,Otoño,5 - Viernes
1223,2017-10-28,10861,563,11424,9191602,204680,9396282,2017,10,Otoño,6 - Sabádo
1224,2017-10-29,8972,517,9489,9200574,205197,9405771,2017,10,Otoño,7 - Domingo
1225,2017-10-30,12391,269,12660,9212965,205466,9418431,2017,10,Otoño,1 - Lunes
1226,2017-10-31,13423,233,13656,9226388,205699,9432087,2017,10,Otoño,2 - Martes
1227,2017-11-01,10173,394,10567,9236561,206093,9442654,2017,11,Otoño,3 - Miércoles
1228,2017-11-02,12647,205,12852,9249208,206298,9455506,2017,11,Otoño,4 - Jueves
1229,2017-11-03,12892,307,13199,9262100,206605,9468705,2017,11,Otoño,5 - Viernes
1230,2017-11-04,8413,362,8775,9270513,206967,9477480,2017,11,Otoño,6 - Sabádo
1231,2017-11-05,8461,395,8856,9278974,207362,9486336,2017,11,Otoño,7 - Domingo
1232,2017-11-06,10804,94,10898,9289778,207456,9497234,2017,11,Otoño,1 - Lunes
1233,2017-11-07,11833,96,11929,9301611,207552,9509163,2017,11,Otoño,2 - Martes
1234,2017-11-08,11621,59,11680,9313232,207611,9520843,2017,11,Otoño,3 - Miércoles
1235,2017-11-09,7292,138,7430,9320524,207749,9528273,2017,11,Otoño,4 - Jueves
1236,2017-11-10,10143,135,10278,9330667,207884,9538551,2017,11,Otoño,5 - Viernes
1237,2017-11-11,8418,345,8763,9339085,208229,9547314,2017,11,Otoño,6 - Sabádo
1238,2017-11-12,7851,412,8263,9346936,208641,9555577,2017,11,Otoño,7 - Domingo
1239,2017-11-13,10354,120,10474,9357290,208761,9566051,2017,11,Otoño,1 - Lunes
1240,2017-11-14,11097,65,11162,9368387,208826,9577213,2017,11,Otoño,2 - Martes
1241,2017-11-15,11291,63,11354,9379678,208889,9588567,2017,11,Otoño,3 - Miércoles
1242,2017-11-16,11854,81,11935,9391532,208970,9600502,2017,11,Otoño,4 - Jueves
1243,2017-11-17,11847,176,12023,9403379,209146,9612525,2017,11,Otoño,5 - Viernes
1244,2017-11-18,9591,325,9916,9412970,209471,9622441,2017,11,Otoño,6 - Sabádo
1245,2017-11-19,8223,411,8634,9421193,209882,9631075,2017,11,Otoño,7 - Domingo
1246,2017-11-20,10885,149,11034,9432078,210031,9642109,2017,11,Otoño,1 - Lunes
1247,2017-11-21,11648,86,11734,9443726,210117,9653843,2017,11,Otoño,2 - Martes
1248,2017-11-22,11784,89,11873,9455510,210206,9665716,2017,11,Otoño,3 - Miércoles
1249,2017-11-23,12160,75,12235,9467670,210281,9677951,2017,11,Otoño,4 - Jueves
1250,2017-11-24,12325,120,12445,9479995,210401,9690396,2017,11,Otoño,5 - Viernes
1251,2017-11-25,9162,313,9475,9489157,210714,9699871,2017,11,Otoño,6 - Sabádo
1252,2017-11-26,7474,265,7739,9496631,210979,9707610,2017,11,Otoño,7 - Domingo
1253,2017-11-27,9687,51,9738,9506318,211030,9717348,2017,11,Otoño,1 - Lunes
1254,2017-11-28,6813,23,6836,9513131,211053,9724184,2017,11,Otoño,2 - Martes
1255,2017-11-29,10585,36,10621,9523716,211089,9734805,2017,11,Otoño,3 - Miércoles
1256,2017-11-30,10236,77,10313,9533952,211166,9745118,2017,11,Otoño,4 - Jueves
1257,2017-12-01,9630,37,9667,9543582,211203,9754785,2017,12,Otoño,5 - Viernes
1258,2017-12-02,6680,135,6815,9550262,211338,9761600,2017,12,Otoño,6 - Sabádo
1259,2017-12-03,6061,170,6231,9556323,211508,9767831,2017,12,Otoño,7 - Domingo
1260,2017-12-04,8734,50,8784,9565057,211558,9776615,2017,12,Otoño,1 - Lunes
1261,2017-12-05,9279,57,9336,9574336,211615,9785951,2017,12,Otoño,2 - Martes
1262,2017-12-06,5988,154,6142,9580324,211769,9792093,2017,12,Otoño,3 - Miércoles
1263,2017-12-07,7060,182,7242,9587384,211951,9799335,2017,12,Otoño,4 - Jueves
1264,2017-12-08,5116,205,5321,9592500,212156,9804656,2017,12,Otoño,5 - Viernes
1265,2017-12-09,5857,287,6144,9598357,212443,9810800,2017,12,Otoño,6 - Sabádo
1266,2017-12-10,4537,185,4722,9602894,212628,9815522,2017,12,Otoño,7 - Domingo
1267,2017-12-11,7576,23,7599,9610470,212651,9823121,2017,12,Otoño,1 - Lunes
1268,2017-12-12,9280,35,9315,9619750,212686,9832436,2017,12,Otoño,2 - Martes
1269,2017-12-13,9420,19,9439,9629170,212705,9841875,2017,12,Otoño,3 - Miércoles
1270,2017-12-14,9825,62,9887,9638995,212767,9851762,2017,12,Otoño,4 - Jueves
1271,2017-12-15,10289,82,10371,9649284,212849,9862133,2017,12,Otoño,5 - Viernes
1272,2017-12-16,8165,131,8296,9657449,212980,9870429,2017,12,Otoño,6 - Sabádo
1273,2017-12-17,6942,151,7093,9664391,213131,9877522,2017,12,Otoño,7 - Domingo
1274,2017-12-18,9140,50,9190,9673531,213181,9886712,2017,12,Otoño,1 - Lunes
1275,2017-12-19,10232,55,10287,9683763,213236,9896999,2017,12,Otoño,2 - Martes
1276,2017-12-20,10391,33,10424,9694154,213269,9907423,2017,12,Otoño,3 - Miércoles
1277,2017-12-21,10372,94,10466,9704526,213363,9917889,2017,12,Invierno,4 - Jueves
1278,2017-12-22,9901,164,10065,9714427,213527,9927954,2017,12,Invierno,5 - Viernes
1279,2017-12-23,6604,188,6792,9721031,213715,9934746,2017,12,Invierno,6 - Sabádo
1280,2017-12-24,4198,181,4379,9725229,213896,9939125,2017,12,Invierno,7 - Domingo
1281,2017-12-25,2347,58,2405,9727576,213954,9941530,2017,12,Invierno,1 - Lunes
1282,2017-12-26,5003,69,5072,9732579,214023,9946602,2017,12,Invierno,2 - Martes
1283,2017-12-27,6049,161,6210,9738628,214184,9952812,2017,12,Invierno,3 - Miércoles
1284,2017-12-28,6951,195,7146,9745579,214379,9959958,2017,12,Invierno,4 - Jueves
1285,2017-12-29,7423,249,7672,9753002,214628,9967630,2017,12,Invierno,5 - Viernes
1286,2017-12-30,5891,323,6214,9758893,214951,9973844,2017,12,Invierno,6 - Sabádo
1287,2017-12-31,3889,245,4134,9762782,215196,9977978,2017,12,Invierno,7 - Domingo
1288,2018-01-01,3454,315,3769,9766236,215511,9981747,2018,1,Invierno,1 - Lunes
1289,2018-01-02,6414,235,6649,9772650,215746,9988396,2018,1,Invierno,2 - Martes
1290,2018-01-03,7689,200,7889,9780339,215946,9996285,2018,1,Invierno,3 - Miércoles
1291,2018-01-04,8282,183,8465,9788621,216129,10004750,2018,1,Invierno,4 - Jueves
1292,2018-01-05,5872,75,5947,9794493,216204,10010697,2018,1,Invierno,5 - Viernes
1293,2018-01-06,1379,14,1393,9795872,216218,10012090,2018,1,Invierno,6 - Sabádo
1294,2018-01-07,2414,7,2421,9798286,216225,10014511,2018,1,Invierno,7 - Domingo
1295,2018-01-08,7802,41,7843,9806088,216266,10022354,2018,1,Invierno,1 - Lunes
1296,2018-01-09,5915,9,5924,9812003,216275,10028278,2018,1,Invierno,2 - Martes
1297,2018-01-10,7045,11,7056,9819048,216286,10035334,2018,1,Invierno,3 - Miércoles
1298,2018-01-11,8765,39,8804,9827813,216325,10044138,2018,1,Invierno,4 - Jueves
1299,2018-01-12,9262,41,9303,9837075,216366,10053441,2018,1,Invierno,5 - Viernes
1300,2018-01-13,4311,31,4342,9841386,216397,10057783,2018,1,Invierno,6 - Sabádo
1301,2018-01-14,5375,82,5457,9846761,216479,10063240,2018,1,Invierno,7 - Domingo
1302,2018-01-15,8130,49,8179,9854891,216528,10071419,2018,1,Invierno,1 - Lunes
1303,2018-01-16,9315,61,9376,9864206,216589,10080795,2018,1,Invierno,2 - Martes
1304,2018-01-17,9698,42,9740,9873904,216631,10090535,2018,1,Invierno,3 - Miércoles
1305,2018-01-18,10004,101,10105,9883908,216732,10100640,2018,1,Invierno,4 - Jueves
1306,2018-01-19,10226,117,10343,9894134,216849,10110983,2018,1,Invierno,5 - Viernes
1307,2018-01-20,7471,245,7716,9901605,217094,10118699,2018,1,Invierno,6 - Sabádo
1308,2018-01-21,7460,242,7702,9909065,217336,10126401,2018,1,Invierno,7 - Domingo
1309,2018-01-22,9511,63,9574,9918576,217399,10135975,2018,1,Invierno,1 - Lunes
1310,2018-01-23,10212,88,10300,9928788,217487,10146275,2018,1,Invierno,2 - Martes
1311,2018-01-24,10689,46,10735,9939477,217533,10157010,2018,1,Invierno,3 - Miércoles
1312,2018-01-25,6790,17,6807,9946267,217550,10163817,2018,1,Invierno,4 - Jueves
1313,2018-01-26,9192,67,9259,9955459,217617,10173076,2018,1,Invierno,5 - Viernes
1314,2018-01-27,6681,175,6856,9962140,217792,10179932,2018,1,Invierno,6 - Sabádo
1315,2018-01-28,6069,195,6264,9968209,217987,10186196,2018,1,Invierno,7 - Domingo
1316,2018-01-29,9164,76,9240,9977373,218063,10195436,2018,1,Invierno,1 - Lunes
1317,2018-01-30,9785,65,9850,9987158,218128,10205286,2018,1,Invierno,2 - Martes
1318,2018-01-31,10190,89,10279,9997348,218217,10215565,2018,1,Invierno,3 - Miércoles
1319,2018-02-01,9070,62,9132,10006418,218279,10224697,2018,2,Invierno,4 - Jueves
1320,2018-02-02,8789,47,8836,10015207,218326,10233533,2018,2,Invierno,5 - Viernes
1321,2018-02-03,6586,177,6763,10021793,218503,10240296,2018,2,Invierno,6 - Sabádo
1322,2018-02-04,2152,23,2175,10023945,218526,10242471,2018,2,Invierno,7 - Domingo
1323,2018-02-05,2895,7,2902,10026840,218533,10245373,2018,2,Invierno,1 - Lunes
1324,2018-02-06,7745,40,7785,10034585,218573,10253158,2018,2,Invierno,2 - Martes
1325,2018-02-07,8023,30,8053,10042608,218603,10261211,2018,2,Invierno,3 - Miércoles
1326,2018-02-08,8278,49,8327,10050886,218652,10269538,2018,2,Invierno,4 - Jueves
1327,2018-02-09,8485,70,8555,10059371,218722,10278093,2018,2,Invierno,5 - Viernes
1328,2018-02-10,6220,216,6436,10065591,218938,10284529,2018,2,Invierno,6 - Sabádo
1329,2018-02-11,6115,217,6332,10071706,219155,10290861,2018,2,Invierno,7 - Domingo
1330,2018-02-12,8168,83,8251,10079874,219238,10299112,2018,2,Invierno,1 - Lunes
1331,2018-02-13,8476,62,8538,10088350,219300,10307650,2018,2,Invierno,2 - Martes
1332,2018-02-14,9320,70,9390,10097670,219370,10317040,2018,2,Invierno,3 - Miércoles
1333,2018-02-15,9205,123,9328,10106875,219493,10326368,2018,2,Invierno,4 - Jueves
1334,2018-02-16,9515,162,9677,10116390,219655,10336045,2018,2,Invierno,5 - Viernes
1335,2018-02-17,7232,284,7516,10123622,219939,10343561,2018,2,Invierno,6 - Sabádo
1336,2018-02-18,6686,339,7025,10130308,220278,10350586,2018,2,Invierno,7 - Domingo
1337,2018-02-19,9048,66,9114,10139356,220344,10359700,2018,2,Invierno,1 - Lunes
1338,2018-02-20,9924,79,10003,10149280,220423,10369703,2018,2,Invierno,2 - Martes
1339,2018-02-21,9325,92,9417,10158605,220515,10379120,2018,2,Invierno,3 - Miércoles
1340,2018-02-22,9370,50,9420,10167975,220565,10388540,2018,2,Invierno,4 - Jueves
1341,2018-02-23,9452,115,9567,10177427,220680,10398107,2018,2,Invierno,5 - Viernes
1342,2018-02-24,6940,273,7213,10184367,220953,10405320,2018,2,Invierno,6 - Sabádo
1343,2018-02-25,6608,294,6902,10190975,221247,10412222,2018,2,Invierno,7 - Domingo
1344,2018-02-26,9235,87,9322,10200210,221334,10421544,2018,2,Invierno,1 - Lunes
1345,2018-02-27,4627,13,4640,10204837,221347,10426184,2018,2,Invierno,2 - Martes
1346,2018-02-28,3615,13,3628,10208452,221360,10429812,2018,2,Invierno,3 - Miércoles
1347,2018-03-01,3254,5,3259,10211706,221365,10433071,2018,3,Invierno,4 - Jueves
1348,2018-03-02,3615,8,3623,10215321,221373,10436694,2018,3,Invierno,5 - Viernes
1349,2018-03-03,4580,106,4686,10219901,221479,10441380,2018,3,Invierno,6 - Sabádo
1350,2018-03-04,5280,134,5414,10225181,221613,10446794,2018,3,Invierno,7 - Domingo
1351,2018-03-05,6159,42,6201,10231340,221655,10452995,2018,3,Invierno,1 - Lunes
1352,2018-03-06,7641,47,7688,10238981,221702,10460683,2018,3,Invierno,2 - Martes
1353,2018-03-07,9573,70,9643,10248554,221772,10470326,2018,3,Invierno,3 - Miércoles
1354,2018-03-08,9520,63,9583,10258074,221835,10479909,2018,3,Invierno,4 - Jueves
1355,2018-03-09,4818,12,4830,10262892,221847,10484739,2018,3,Invierno,5 - Viernes
1356,2018-03-10,3858,76,3934,10266750,221923,10488673,2018,3,Invierno,6 - Sabádo
1357,2018-03-11,4509,60,4569,10271259,221983,10493242,2018,3,Invierno,7 - Domingo
1358,2018-03-12,8478,92,8570,10279737,222075,10501812,2018,3,Invierno,1 - Lunes
1359,2018-03-13,9267,75,9342,10289004,222150,10511154,2018,3,Invierno,2 - Martes
1360,2018-03-14,3219,27,3246,10292223,222177,10514400,2018,3,Invierno,3 - Miércoles
1361,2018-03-15,8998,77,9075,10301221,222254,10523475,2018,3,Invierno,4 - Jueves
1362,2018-03-16,7844,139,7983,10309065,222393,10531458,2018,3,Invierno,5 - Viernes
1363,2018-03-17,5016,162,5178,10314081,222555,10536636,2018,3,Invierno,6 - Sabádo
1364,2018-03-18,6187,235,6422,10320268,222790,10543058,2018,3,Invierno,7 - Domingo
1365,2018-03-19,5829,35,5864,10326097,222825,10548922,2018,3,Invierno,1 - Lunes
1366,2018-03-20,8030,48,8078,10334127,222873,10557000,2018,3,Invierno,2 - Martes
1367,2018-03-21,8762,50,8812,10342889,222923,10565812,2018,3,Primavera,3 - Miércoles
1368,2018-03-22,9451,79,9530,10352340,223002,10575342,2018,3,Primavera,4 - Jueves
1369,2018-03-23,7071,54,7125,10359411,223056,10582467,2018,3,Primavera,5 - Viernes
1370,2018-03-24,4894,131,5025,10364305,223187,10587492,2018,3,Primavera,6 - Sabádo
1371,2018-03-25,5075,204,5279,10369380,223391,10592771,2018,3,Primavera,7 - Domingo
1372,2018-03-26,7357,181,7538,10376737,223572,10600309,2018,3,Primavera,1 - Lunes
1373,2018-03-27,7985,202,8187,10384722,223774,10608496,2018,3,Primavera,2 - Martes
1374,2018-03-28,7263,214,7477,10391985,223988,10615973,2018,3,Primavera,3 - Miércoles
1375,2018-03-29,4036,220,4256,10396021,224208,10620229,2018,3,Primavera,4 - Jueves
1376,2018-03-30,2976,268,3244,10398997,224476,10623473,2018,3,Primavera,5 - Viernes
1377,2018-03-31,3664,285,3949,10402661,224761,10627422,2018,3,Primavera,6 - Sabádo
1378,2018-04-01,4772,510,5282,10407433,225271,10632704,2018,4,Primavera,7 - Domingo
1379,2018-04-02,8853,301,9154,10416286,225572,10641858,2018,4,Primavera,1 - Lunes
1380,2018-04-03,9293,98,9391,10425579,225670,10651249,2018,4,Primavera,2 - Martes
1381,2018-04-04,9794,96,9890,10435373,225766,10661139,2018,4,Primavera,3 - Miércoles
1382,2018-04-05,10976,138,11114,10446349,225904,10672253,2018,4,Primavera,4 - Jueves
1383,2018-04-06,8253,156,8409,10454602,226060,10680662,2018,4,Primavera,5 - Viernes
1384,2018-04-07,5237,81,5318,10459839,226141,10685980,2018,4,Primavera,6 - Sabádo
1385,2018-04-08,7248,294,7542,10467087,226435,10693522,2018,4,Primavera,7 - Domingo
1386,2018-04-09,6908,28,6936,10473995,226463,10700458,2018,4,Primavera,1 - Lunes
1387,2018-04-10,3063,6,3069,10477058,226469,10703527,2018,4,Primavera,2 - Martes
1388,2018-04-11,8612,67,8679,10485670,226536,10712206,2018,4,Primavera,3 - Miércoles
1389,2018-04-12,7075,53,7128,10492745,226589,10719334,2018,4,Primavera,4 - Jueves
1390,2018-04-13,8595,80,8675,10501340,226669,10728009,2018,4,Primavera,5 - Viernes
1391,2018-04-14,7668,330,7998,10509008,226999,10736007,2018,4,Primavera,6 - Sabádo
1392,2018-04-15,7296,300,7596,10516304,227299,10743603,2018,4,Primavera,7 - Domingo
1393,2018-04-16,9844,116,9960,10526148,227415,10753563,2018,4,Primavera,1 - Lunes
1394,2018-04-17,11401,168,11569,10537549,227583,10765132,2018,4,Primavera,2 - Martes
1395,2018-04-18,12503,191,12694,10550052,227774,10777826,2018,4,Primavera,3 - Miércoles
1396,2018-04-19,12561,139,12700,10562613,227913,10790526,2018,4,Primavera,4 - Jueves
1397,2018-04-20,12149,177,12326,10574762,228090,10802852,2018,4,Primavera,5 - Viernes
1398,2018-04-21,8705,419,9124,10583467,228509,10811976,2018,4,Primavera,6 - Sabádo
1399,2018-04-22,9094,336,9430,10592561,228845,10821406,2018,4,Primavera,7 - Domingo
1400,2018-04-23,11376,221,11597,10603937,229066,10833003,2018,4,Primavera,1 - Lunes
1401,2018-04-24,12845,183,13028,10616782,229249,10846031,2018,4,Primavera,2 - Martes
1402,2018-04-25,13592,160,13752,10630374,229409,10859783,2018,4,Primavera,3 - Miércoles
1403,2018-04-26,13392,171,13563,10643766,229580,10873346,2018,4,Primavera,4 - Jueves
1404,2018-04-27,12329,291,12620,10656095,229871,10885966,2018,4,Primavera,5 - Viernes
1405,2018-04-28,6987,453,7440,10663082,230324,10893406,2018,4,Primavera,6 - Sabádo
1406,2018-04-29,3707,150,3857,10666789,230474,10897263,2018,4,Primavera,7 - Domingo
1407,2018-04-30,5555,199,5754,10672344,230673,10903017,2018,4,Primavera,1 - Lunes
1408,2018-05-01,5669,418,6087,10678013,231091,10909104,2018,5,Primavera,2 - Martes
1409,2018-05-02,6903,236,7139,10684916,231327,10916243,2018,5,Primavera,3 - Miércoles
1410,2018-05-03,10814,211,11025,10695730,231538,10927268,2018,5,Primavera,4 - Jueves
1411,2018-05-04,11629,223,11852,10707359,231761,10939120,2018,5,Primavera,5 - Viernes
1412,2018-05-05,9114,463,9577,10716473,232224,10948697,2018,5,Primavera,6 - Sabádo
1413,2018-05-06,8495,478,8973,10724968,232702,10957670,2018,5,Primavera,7 - Domingo
1414,2018-05-07,10334,234,10568,10735302,232936,10968238,2018,5,Primavera,1 - Lunes
1415,2018-05-08,11623,268,11891,10746925,233204,10980129,2018,5,Primavera,2 - Martes
1416,2018-05-09,13000,234,13234,10759925,233438,10993363,2018,5,Primavera,3 - Miércoles
1417,2018-05-10,13411,335,13746,10773336,233773,11007109,2018,5,Primavera,4 - Jueves
1418,2018-05-11,12759,350,13109,10786095,234123,11020218,2018,5,Primavera,5 - Viernes
1419,2018-05-12,8385,438,8823,10794480,234561,11029041,2018,5,Primavera,6 - Sabádo
1420,2018-05-13,7476,469,7945,10801956,235030,11036986,2018,5,Primavera,7 - Domingo
1421,2018-05-14,10559,204,10763,10812515,235234,11047749,2018,5,Primavera,1 - Lunes
1422,2018-05-15,9242,298,9540,10821757,235532,11057289,2018,5,Primavera,2 - Martes
1423,2018-05-16,12792,194,12986,10834549,235726,11070275,2018,5,Primavera,3 - Miércoles
1424,2018-05-17,13369,196,13565,10847918,235922,11083840,2018,5,Primavera,4 - Jueves
1425,2018-05-18,11814,190,12004,10859732,236112,11095844,2018,5,Primavera,5 - Viernes
1426,2018-05-19,9498,491,9989,10869230,236603,11105833,2018,5,Primavera,6 - Sabádo
1427,2018-05-20,8873,508,9381,10878103,237111,11115214,2018,5,Primavera,7 - Domingo
1428,2018-05-21,11605,292,11897,10889708,237403,11127111,2018,5,Primavera,1 - Lunes
1429,2018-05-22,12127,163,12290,10901835,237566,11139401,2018,5,Primavera,2 - Martes
1430,2018-05-23,12692,136,12828,10914527,237702,11152229,2018,5,Primavera,3 - Miércoles
1431,2018-05-24,13149,184,13333,10927676,237886,11165562,2018,5,Primavera,4 - Jueves
1432,2018-05-25,7978,94,8072,10935654,237980,11173634,2018,5,Primavera,5 - Viernes
1433,2018-05-26,9442,417,9859,10945096,238397,11183493,2018,5,Primavera,6 - Sabádo
1434,2018-05-27,9893,390,10283,10954989,238787,11193776,2018,5,Primavera,7 - Domingo
1435,2018-05-28,6334,96,6430,10961323,238883,11200206,2018,5,Primavera,1 - Lunes
1436,2018-05-29,9451,96,9547,10970774,238979,11209753,2018,5,Primavera,2 - Martes
1437,2018-05-30,11388,123,11511,10982162,239102,11221264,2018,5,Primavera,3 - Miércoles
1438,2018-05-31,13144,174,13318,10995306,239276,11234582,2018,5,Primavera,4 - Jueves
1439,2018-06-01,13170,213,13383,11008476,239489,11247965,2018,6,Primavera,5 - Viernes
1440,2018-06-02,7232,401,7633,11015708,239890,11255598,2018,6,Primavera,6 - Sabádo
1441,2018-06-03,9155,392,9547,11024863,240282,11265145,2018,6,Primavera,7 - Domingo
1442,2018-06-04,12073,201,12274,11036936,240483,11277419,2018,6,Primavera,1 - Lunes
1443,2018-06-05,12522,110,12632,11049458,240593,11290051,2018,6,Primavera,2 - Martes
1444,2018-06-06,11128,71,11199,11060586,240664,11301250,2018,6,Primavera,3 - Miércoles
1445,2018-06-07,13616,202,13818,11074202,240866,11315068,2018,6,Primavera,4 - Jueves
1446,2018-06-08,7925,86,8011,11082127,240952,11323079,2018,6,Primavera,5 - Viernes
1447,2018-06-09,8789,394,9183,11090916,241346,11332262,2018,6,Primavera,6 - Sabádo
1448,2018-06-10,7918,330,8248,11098834,241676,11340510,2018,6,Primavera,7 - Domingo
1449,2018-06-11,11569,175,11744,11110403,241851,11352254,2018,6,Primavera,1 - Lunes
1450,2018-06-12,12879,162,13041,11123282,242013,11365295,2018,6,Primavera,2 - Martes
1451,2018-06-13,13546,188,13734,11136828,242201,11379029,2018,6,Primavera,3 - Miércoles
1452,2018-06-14,13361,172,13533,11150189,242373,11392562,2018,6,Primavera,4 - Jueves
1453,2018-06-15,13162,204,13366,11163351,242577,11405928,2018,6,Primavera,5 - Viernes
1454,2018-06-16,9464,331,9795,11172815,242908,11415723,2018,6,Primavera,6 - Sabádo
1455,2018-06-17,8600,367,8967,11181415,243275,11424690,2018,6,Primavera,7 - Domingo
1456,2018-06-18,12577,192,12769,11193992,243467,11437459,2018,6,Primavera,1 - Lunes
1457,2018-06-19,13814,145,13959,11207806,243612,11451418,2018,6,Primavera,2 - Martes
1458,2018-06-20,14345,164,14509,11222151,243776,11465927,2018,6,Primavera,3 - Miércoles
1459,2018-06-21,14468,173,14641,11236619,243949,11480568,2018,6,Verano,4 - Jueves
1460,2018-06-22,13590,227,13817,11250209,244176,11494385,2018,6,Verano,5 - Viernes
1461,2018-06-23,9211,429,9640,11259420,244605,11504025,2018,6,Verano,6 - Sabádo
1462,2018-06-24,8522,323,8845,11267942,244928,11512870,2018,6,Verano,7 - Domingo
1463,2018-06-25,13282,216,13498,11281224,245144,11526368,2018,6,Verano,1 - Lunes
1464,2018-06-26,13806,173,13979,11295030,245317,11540347,2018,6,Verano,2 - Martes
1465,2018-06-27,14537,204,14741,11309567,245521,11555088,2018,6,Verano,3 - Miércoles
1466,2018-06-28,14560,206,14766,11324127,245727,11569854,2018,6,Verano,4 - Jueves
1467,2018-06-29,13491,257,13748,11337618,245984,11583602,2018,6,Verano,5 - Viernes
1468,2018-06-30,9171,298,9469,11346789,246282,11593071,2018,6,Verano,6 - Sabádo
1469,2018-07-01,8537,297,8834,11355326,246579,11601905,2018,7,Verano,7 - Domingo
1470,2018-07-02,12801,150,12951,11368127,246729,11614856,2018,7,Verano,1 - Lunes
1471,2018-07-03,13934,141,14075,11382061,246870,11628931,2018,7,Verano,2 - Martes
1472,2018-07-04,13864,162,14026,11395925,247032,11642957,2018,7,Verano,3 - Miércoles
1473,2018-07-05,13755,154,13909,11409680,247186,11656866,2018,7,Verano,4 - Jueves
1474,2018-07-06,12452,189,12641,11422132,247375,11669507,2018,7,Verano,5 - Viernes
1475,2018-07-07,8316,303,8619,11430448,247678,11678126,2018,7,Verano,6 - Sabádo
1476,2018-07-08,7676,348,8024,11438124,248026,11686150,2018,7,Verano,7 - Domingo
1477,2018-07-09,12414,257,12671,11450538,248283,11698821,2018,7,Verano,1 - Lunes
1478,2018-07-10,13472,188,13660,11464010,248471,11712481,2018,7,Verano,2 - Martes
1479,2018-07-11,13513,195,13708,11477523,248666,11726189,2018,7,Verano,3 - Miércoles
1480,2018-07-12,13578,193,13771,11491101,248859,11739960,2018,7,Verano,4 - Jueves
1481,2018-07-13,12270,265,12535,11503371,249124,11752495,2018,7,Verano,5 - Viernes
1482,2018-07-14,8015,364,8379,11511386,249488,11760874,2018,7,Verano,6 - Sabádo
1483,2018-07-15,7664,366,8030,11519050,249854,11768904,2018,7,Verano,7 - Domingo
1484,2018-07-16,11787,176,11963,11530837,250030,11780867,2018,7,Verano,1 - Lunes
1485,2018-07-17,12966,214,13180,11543803,250244,11794047,2018,7,Verano,2 - Martes
1486,2018-07-18,13516,224,13740,11557319,250468,11807787,2018,7,Verano,3 - Miércoles
1487,2018-07-19,13442,184,13626,11570761,250652,11821413,2018,7,Verano,4 - Jueves
1488,2018-07-20,12069,192,12261,11582830,250844,11833674,2018,7,Verano,5 - Viernes
1489,2018-07-21,7807,338,8145,11590637,251182,11841819,2018,7,Verano,6 - Sabádo
1490,2018-07-22,7009,440,7449,11597646,251622,11849268,2018,7,Verano,7 - Domingo
1491,2018-07-23,11607,238,11845,11609253,251860,11861113,2018,7,Verano,1 - Lunes
1492,2018-07-24,12377,197,12574,11621630,252057,11873687,2018,7,Verano,2 - Martes
1493,2018-07-25,12501,173,12674,11634131,252230,11886361,2018,7,Verano,3 - Miércoles
1494,2018-07-26,12465,190,12655,11646596,252420,11899016,2018,7,Verano,4 - Jueves
1495,2018-07-27,11318,248,11566,11657914,252668,11910582,2018,7,Verano,5 - Viernes
1496,2018-07-28,7855,371,8226,11665769,253039,11918808,2018,7,Verano,6 - Sabádo
1497,2018-07-29,7627,379,8006,11673396,253418,11926814,2018,7,Verano,7 - Domingo
1498,2018-07-30,11655,217,11872,11685051,253635,11938686,2018,7,Verano,1 - Lunes
1499,2018-07-31,12410,287,12697,11697461,253922,11951383,2018,7,Verano,2 - Martes
1500,2018-08-01,12219,272,12491,11709680,254194,11963874,2018,8,Verano,3 - Miércoles
1501,2018-08-02,11526,202,11728,11721206,254396,11975602,2018,8,Verano,4 - Jueves
1502,2018-08-03,10073,131,10204,11731279,254527,11985806,2018,8,Verano,5 - Viernes
1503,2018-08-04,6486,277,6763,11737765,254804,11992569,2018,8,Verano,6 - Sabádo
1504,2018-08-05,6272,322,6594,11744037,255126,11999163,2018,8,Verano,7 - Domingo
1505,2018-08-06,9057,208,9265,11753094,255334,12008428,2018,8,Verano,1 - Lunes
1506,2018-08-07,10022,133,10155,11763116,255467,12018583,2018,8,Verano,2 - Martes
1507,2018-08-08,10016,242,10258,11773132,255709,12028841,2018,8,Verano,3 - Miércoles
1508,2018-08-09,10077,245,10322,11783209,255954,12039163,2018,8,Verano,4 - Jueves
1509,2018-08-10,8756,252,9008,11791965,256206,12048171,2018,8,Verano,5 - Viernes
1510,2018-08-11,6099,380,6479,11798064,256586,12054650,2018,8,Verano,6 - Sabádo
1511,2018-08-12,5868,398,6266,11803932,256984,12060916,2018,8,Verano,7 - Domingo
1512,2018-08-13,8280,281,8561,11812212,257265,12069477,2018,8,Verano,1 - Lunes
1513,2018-08-14,8894,268,9162,11821106,257533,12078639,2018,8,Verano,2 - Martes
1514,2018-08-15,6763,308,7071,11827869,257841,12085710,2018,8,Verano,3 - Miércoles
1515,2018-08-16,8753,230,8983,11836622,258071,12094693,2018,8,Verano,4 - Jueves
1516,2018-08-17,7982,194,8176,11844604,258265,12102869,2018,8,Verano,5 - Viernes
1517,2018-08-18,5854,263,6117,11850458,258528,12108986,2018,8,Verano,6 - Sabádo
1518,2018-08-19,5885,430,6315,11856343,258958,12115301,2018,8,Verano,7 - Domingo
1519,2018-08-20,9293,237,9530,11865636,259195,12124831,2018,8,Verano,1 - Lunes
1520,2018-08-21,9915,213,10128,11875551,259408,12134959,2018,8,Verano,2 - Martes
1521,2018-08-22,10570,151,10721,11886121,259559,12145680,2018,8,Verano,3 - Miércoles
1522,2018-08-23,10814,178,10992,11896935,259737,12156672,2018,8,Verano,4 - Jueves
1523,2018-08-24,10008,231,10239,11906943,259968,12166911,2018,8,Verano,5 - Viernes
1524,2018-08-25,7163,351,7514,11914106,260319,12174425,2018,8,Verano,6 - Sabádo
1525,2018-08-26,6969,375,7344,11921075,260694,12181769,2018,8,Verano,7 - Domingo
1526,2018-08-27,11098,253,11351,11932173,260947,12193120,2018,8,Verano,1 - Lunes
1527,2018-08-28,12003,278,12281,11944176,261225,12205401,2018,8,Verano,2 - Martes
1528,2018-08-29,12578,255,12833,11956754,261480,12218234,2018,8,Verano,3 - Miércoles
1529,2018-08-30,12835,245,13080,11969589,261725,12231314,2018,8,Verano,4 - Jueves
1530,2018-08-31,12490,164,12654,11982079,261889,12243968,2018,8,Verano,5 - Viernes
1531,2018-09-01,9428,286,9714,11991507,262175,12253682,2018,9,Verano,6 - Sabádo
1532,2018-09-02,8969,357,9326,12000476,262532,12263008,2018,9,Verano,7 - Domingo
1533,2018-09-03,13417,181,13598,12013893,262713,12276606,2018,9,Verano,1 - Lunes
1534,2018-09-04,14742,183,14925,12028635,262896,12291531,2018,9,Verano,2 - Martes
1535,2018-09-05,14994,151,15145,12043629,263047,12306676,2018,9,Verano,3 - Miércoles
1536,2018-09-06,15331,147,15478,12058960,263194,12322154,2018,9,Verano,4 - Jueves
1537,2018-09-07,13466,175,13641,12072426,263369,12335795,2018,9,Verano,5 - Viernes
1538,2018-09-08,8424,194,8618,12080850,263563,12344413,2018,9,Verano,6 - Sabádo
1539,2018-09-09,9783,520,10303,12090633,264083,12354716,2018,9,Verano,7 - Domingo
1540,2018-09-10,14447,218,14665,12105080,264301,12369381,2018,9,Verano,1 - Lunes
1541,2018-09-11,15521,160,15681,12120601,264461,12385062,2018,9,Verano,2 - Martes
1542,2018-09-12,16127,149,16276,12136728,264610,12401338,2018,9,Verano,3 - Miércoles
1543,2018-09-13,16189,196,16385,12152917,264806,12417723,2018,9,Verano,4 - Jueves
1544,2018-09-14,15738,257,15995,12168655,265063,12433718,2018,9,Verano,5 - Viernes
1545,2018-09-15,11122,403,11525,12179777,265466,12445243,2018,9,Verano,6 - Sabádo
1546,2018-09-16,10693,449,11142,12190470,265915,12456385,2018,9,Verano,7 - Domingo
1547,2018-09-17,14316,208,14524,12204786,266123,12470909,2018,9,Verano,1 - Lunes
1548,2018-09-18,15149,120,15269,12219935,266243,12486178,2018,9,Verano,2 - Martes
1549,2018-09-19,16313,140,16453,12236248,266383,12502631,2018,9,Verano,3 - Miércoles
1550,2018-09-20,16529,203,16732,12252777,266586,12519363,2018,9,Verano,4 - Jueves
1551,2018-09-21,15600,205,15805,12268377,266791,12535168,2018,9,Otoño,5 - Viernes
1552,2018-09-22,11423,399,11822,12279800,267190,12546990,2018,9,Otoño,6 - Sabádo
1553,2018-09-23,11100,441,11541,12290900,267631,12558531,2018,9,Otoño,7 - Domingo
1554,2018-09-24,14572,201,14773,12305472,267832,12573304,2018,9,Otoño,1 - Lunes
1555,2018-09-25,15671,161,15832,12321143,267993,12589136,2018,9,Otoño,2 - Martes
1556,2018-09-26,15131,145,15276,12336274,268138,12604412,2018,9,Otoño,3 - Miércoles
1557,2018-09-27,16024,167,16191,12352298,268305,12620603,2018,9,Otoño,4 - Jueves
1558,2018-09-28,15531,192,15723,12367829,268497,12636326,2018,9,Otoño,5 - Viernes
1559,2018-09-29,11742,401,12143,12379571,268898,12648469,2018,9,Otoño,6 - Sabádo
1560,2018-09-30,10948,415,11363,12390519,269313,12659832,2018,9,Otoño,7 - Domingo
1561,2018-10-01,14116,284,14400,12404635,269597,12674232,2018,10,Otoño,1 - Lunes
1562,2018-10-02,14888,135,15023,12419523,269732,12689255,2018,10,Otoño,2 - Martes
1563,2018-10-03,15777,143,15920,12435300,269875,12705175,2018,10,Otoño,3 - Miércoles
1564,2018-10-04,15600,148,15748,12450900,270023,12720923,2018,10,Otoño,4 - Jueves
1565,2018-10-05,15106,192,15298,12466006,270215,12736221,2018,10,Otoño,5 - Viernes
1566,2018-10-06,11792,368,12160,12477798,270583,12748381,2018,10,Otoño,6 - Sabádo
1567,2018-10-07,9864,348,10212,12487662,270931,12758593,2018,10,Otoño,7 - Domingo
1568,2018-10-08,13326,119,13445,12500988,271050,12772038,2018,10,Otoño,1 - Lunes
1569,2018-10-09,11608,85,11693,12512596,271135,12783731,2018,10,Otoño,2 - Martes
1570,2018-10-10,12457,47,12504,12525053,271182,12796235,2018,10,Otoño,3 - Miércoles
1571,2018-10-11,11746,57,11803,12536799,271239,12808038,2018,10,Otoño,4 - Jueves
1572,2018-10-12,7850,191,8041,12544649,271430,12816079,2018,10,Otoño,5 - Viernes
1573,2018-10-13,8993,393,9386,12553642,271823,12825465,2018,10,Otoño,6 - Sabádo
1574,2018-10-14,6887,199,7086,12560529,272022,12832551,2018,10,Otoño,7 - Domingo
1575,2018-10-15,10699,63,10762,12571228,272085,12843313,2018,10,Otoño,1 - Lunes
1576,2018-10-16,13630,80,13710,12584858,272165,12857023,2018,10,Otoño,2 - Martes
1577,2018-10-17,14430,98,14528,12599288,272263,12871551,2018,10,Otoño,3 - Miércoles
1578,2018-10-18,12791,102,12893,12612079,272365,12884444,2018,10,Otoño,4 - Jueves
1579,2018-10-19,7216,68,7284,12619295,272433,12891728,2018,10,Otoño,5 - Viernes
1580,2018-10-20,8357,248,8605,12627652,272681,12900333,2018,10,Otoño,6 - Sabádo
1581,2018-10-21,8955,242,9197,12636607,272923,12909530,2018,10,Otoño,7 - Domingo
1582,2018-10-22,13226,127,13353,12649833,273050,12922883,2018,10,Otoño,1 - Lunes
1583,2018-10-23,14081,136,14217,12663914,273186,12937100,2018,10,Otoño,2 - Martes
1584,2018-10-24,14240,102,14342,12678154,273288,12951442,2018,10,Otoño,3 - Miércoles
1585,2018-10-25,14618,150,14768,12692772,273438,12966210,2018,10,Otoño,4 - Jueves
1586,2018-10-26,11387,126,11513,12704159,273564,12977723,2018,10,Otoño,5 - Viernes
1587,2018-10-27,6619,81,6700,12710778,273645,12984423,2018,10,Otoño,6 - Sabádo
1588,2018-10-28,6796,161,6957,12717574,273806,12991380,2018,10,Otoño,7 - Domingo
1589,2018-10-29,10216,64,10280,12727790,273870,13001660,2018,10,Otoño,1 - Lunes
1590,2018-10-30,5125,8,5133,12732915,273878,13006793,2018,10,Otoño,2 - Martes
1591,2018-10-31,10451,40,10491,12743366,273918,13017284,2018,10,Otoño,3 - Miércoles
1592,2018-11-01,7812,225,8037,12751178,274143,13025321,2018,11,Otoño,4 - Jueves
1593,2018-11-02,9846,253,10099,12761024,274396,13035420,2018,11,Otoño,5 - Viernes
1594,2018-11-03,8019,252,8271,12769043,274648,13043691,2018,11,Otoño,6 - Sabádo
1595,2018-11-04,7271,247,7518,12776314,274895,13051209,2018,11,Otoño,7 - Domingo
1596,2018-11-05,6401,33,6434,12782715,274928,13057643,2018,11,Otoño,1 - Lunes
1597,2018-11-06,10699,79,10778,12793414,275007,13068421,2018,11,Otoño,2 - Martes
1598,2018-11-07,7897,27,7924,12801311,275034,13076345,2018,11,Otoño,3 - Miércoles
1599,2018-11-08,8733,24,8757,12810044,275058,13085102,2018,11,Otoño,4 - Jueves
1600,2018-11-09,6992,109,7101,12817036,275167,13092203,2018,11,Otoño,5 - Viernes
1601,2018-11-10,6285,109,6394,12823321,275276,13098597,2018,11,Otoño,6 - Sabádo
1602,2018-11-11,6781,189,6970,12830102,275465,13105567,2018,11,Otoño,7 - Domingo
1603,2018-11-12,9717,20,9737,12839819,275485,13115304,2018,11,Otoño,1 - Lunes
1604,2018-11-13,12299,82,12381,12852118,275567,13127685,2018,11,Otoño,2 - Martes
1605,2018-11-14,12163,71,12234,12864281,275638,13139919,2018,11,Otoño,3 - Miércoles
1606,2018-11-15,11935,48,11983,12876216,275686,13151902,2018,11,Otoño,4 - Jueves
1607,2018-11-16,11105,97,11202,12887321,275783,13163104,2018,11,Otoño,5 - Viernes
1608,2018-11-17,9448,311,9759,12896769,276094,13172863,2018,11,Otoño,6 - Sabádo
1609,2018-11-18,5322,103,5425,12902091,276197,13178288,2018,11,Otoño,7 - Domingo
1610,2018-11-19,9875,68,9943,12911966,276265,13188231,2018,11,Otoño,1 - Lunes
1611,2018-11-20,9104,27,9131,12921070,276292,13197362,2018,11,Otoño,2 - Martes
1612,2018-11-21,10042,29,10071,12931112,276321,13207433,2018,11,Otoño,3 - Miércoles
1613,2018-11-22,11236,20,11256,12942348,276341,13218689,2018,11,Otoño,4 - Jueves
1614,2018-11-23,10833,79,10912,12953181,276420,13229601,2018,11,Otoño,5 - Viernes
1615,2018-11-24,7634,168,7802,12960815,276588,13237403,2018,11,Otoño,6 - Sabádo
1616,2018-11-25,6042,131,6173,12966857,276719,13243576,2018,11,Otoño,7 - Domingo
1617,2018-11-26,9876,61,9937,12976733,276780,13253513,2018,11,Otoño,1 - Lunes
1618,2018-11-27,10954,41,10995,12987687,276821,13264508,2018,11,Otoño,2 - Martes
1619,2018-11-28,10987,31,11018,12998674,276852,13275526,2018,11,Otoño,3 - Miércoles
1620,2018-11-29,10564,40,10604,13009238,276892,13286130,2018,11,Otoño,4 - Jueves
1621,2018-11-30,10879,59,10938,13020117,276951,13297068,2018,11,Otoño,5 - Viernes
1622,2018-12-01,8488,184,8672,13028605,277135,13305740,2018,12,Otoño,6 - Sabádo
1623,2018-12-02,6940,107,7047,13035545,277242,13312787,2018,12,Otoño,7 - Domingo
1624,2018-12-03,9440,41,9481,13044985,277283,13322268,2018,12,Otoño,1 - Lunes
1625,2018-12-04,11224,44,11268,13056209,277327,13333536,2018,12,Otoño,2 - Martes
1626,2018-12-05,11522,46,11568,13067731,277373,13345104,2018,12,Otoño,3 - Miércoles
1627,2018-12-06,7409,120,7529,13075140,277493,13352633,2018,12,Otoño,4 - Jueves
1628,2018-12-07,8305,139,8444,13083445,277632,13361077,2018,12,Otoño,5 - Viernes
1629,2018-12-08,6798,305,7103,13090243,277937,13368180,2018,12,Otoño,6 - Sabádo
1630,2018-12-09,7009,251,7260,13097252,278188,13375440,2018,12,Otoño,7 - Domingo
1631,2018-12-10,10267,90,10357,13107519,278278,13385797,2018,12,Otoño,1 - Lunes
1632,2018-12-11,11084,86,11170,13118603,278364,13396967,2018,12,Otoño,2 - Martes
1633,2018-12-12,11089,83,11172,13129692,278447,13408139,2018,12,Otoño,3 - Miércoles
1634,2018-12-13,7909,19,7928,13137601,278466,13416067,2018,12,Otoño,4 - Jueves
1635,2018-12-14,10968,56,11024,13148569,278522,13427091,2018,12,Otoño,5 - Viernes
1636,2018-12-15,8427,102,8529,13156996,278624,13435620,2018,12,Otoño,6 - Sabádo
1637,2018-12-16,6816,85,6901,13163812,278709,13442521,2018,12,Otoño,7 - Domingo
1638,2018-12-17,10159,62,10221,13173971,278771,13452742,2018,12,Otoño,1 - Lunes
1639,2018-12-18,10126,56,10182,13184097,278827,13462924,2018,12,Otoño,2 - Martes
1640,2018-12-19,10440,82,10522,13194537,278909,13473446,2018,12,Otoño,3 - Miércoles
1641,2018-12-20,11020,47,11067,13205557,278956,13484513,2018,12,Otoño,4 - Jueves
1642,2018-12-21,10063,69,10132,13215620,279025,13494645,2018,12,Invierno,5 - Viernes
1643,2018-12-22,6521,63,6584,13222141,279088,13501229,2018,12,Invierno,6 - Sabádo
1644,2018-12-23,5046,132,5178,13227187,279220,13506407,2018,12,Invierno,7 - Domingo
1645,2018-12-24,4364,96,4460,13231551,279316,13510867,2018,12,Invierno,1 - Lunes
1646,2018-12-25,2873,152,3025,13234424,279468,13513892,2018,12,Invierno,2 - Martes
1647,2018-12-26,6496,124,6620,13240920,279592,13520512,2018,12,Invierno,3 - Miércoles
1648,2018-12-27,7282,151,7433,13248202,279743,13527945,2018,12,Invierno,4 - Jueves
1649,2018-12-28,7386,256,7642,13255588,279999,13535587,2018,12,Invierno,5 - Viernes
1650,2018-12-29,5584,250,5834,13261172,280249,13541421,2018,12,Invierno,6 - Sabádo
1651,2018-12-30,5114,301,5415,13266286,280550,13546836,2018,12,Invierno,7 - Domingo
1652,2018-12-31,4718,283,5001,13271004,280833,13551837,2018,12,Invierno,1 - Lunes
